0.000000e+00 1.786072e+00 
1.000000e-12 1.786072e+00 
2.000000e-12 1.786072e+00 
4.000000e-12 1.786072e+00 
8.000000e-12 1.786072e+00 
1.600000e-11 1.786072e+00 
3.200000e-11 1.786072e+00 
6.400000e-11 1.786072e+00 
1.000000e-10 1.786072e+00 
1.001000e-10 1.786100e+00 
1.003000e-10 1.786159e+00 
1.007000e-10 1.786259e+00 
1.010000e-10 1.786309e+00 
1.010800e-10 1.786298e+00 
1.012400e-10 1.786274e+00 
1.015600e-10 1.786228e+00 
1.022000e-10 1.786134e+00 
1.034800e-10 1.785947e+00 
1.060400e-10 1.785574e+00 
1.111600e-10 1.784827e+00 
1.214000e-10 1.783333e+00 
1.418800e-10 1.780347e+00 
1.828400e-10 1.774379e+00 
2.647600e-10 1.762461e+00 
4.286000e-10 1.738700e+00 
7.562800e-10 1.691474e+00 
1.411640e-09 1.598209e+00 
2.411640e-09 1.459005e+00 
3.411640e-09 1.323690e+00 
4.411640e-09 1.192514e+00 
5.411640e-09 1.065891e+00 
6.411640e-09 9.445228e-01 
7.411640e-09 8.294665e-01 
8.411640e-09 7.219569e-01 
9.411640e-09 6.230762e-01 
1.041164e-08 5.335383e-01 
1.141164e-08 4.533884e-01 
1.241164e-08 3.826234e-01 
1.341164e-08 3.211675e-01 
1.441164e-08 2.683698e-01 
1.541164e-08 2.234376e-01 
1.641164e-08 1.855758e-01 
1.741164e-08 1.538926e-01 
1.841164e-08 1.274752e-01 
1.941164e-08 1.055449e-01 
2.041164e-08 8.742605e-02 
2.141164e-08 7.253917e-02 
2.241164e-08 6.034638e-02 
2.341164e-08 5.038673e-02 
2.441164e-08 4.226877e-02 
2.541164e-08 3.566407e-02 
2.641164e-08 3.029831e-02 
2.741164e-08 2.594453e-02 
2.841164e-08 2.241521e-02 
2.941164e-08 1.955666e-02 
3.041164e-08 1.724276e-02 
3.141164e-08 1.537085e-02 
3.241164e-08 1.385700e-02 
3.341164e-08 1.263326e-02 
3.441164e-08 1.164418e-02 
3.541164e-08 1.084505e-02 
3.641164e-08 1.019938e-02 
3.741164e-08 9.677891e-03 
3.841164e-08 9.256641e-03 
3.941164e-08 8.916486e-03 
4.041164e-08 8.641745e-03 
4.141164e-08 8.419938e-03 
4.241164e-08 8.240790e-03 
4.341164e-08 8.096186e-03 
4.441164e-08 7.979385e-03 
4.541164e-08 7.885126e-03 
4.641164e-08 7.808978e-03 
4.741164e-08 7.747545e-03 
4.841164e-08 7.697901e-03 
4.941164e-08 7.657867e-03 
5.041164e-08 7.625501e-03 
5.141164e-08 7.599415e-03 
5.241164e-08 7.578311e-03 
5.341164e-08 7.561318e-03 
5.441164e-08 7.547554e-03 
5.541164e-08 7.536487e-03 
5.641164e-08 7.527508e-03 
5.741164e-08 7.520303e-03 
5.841164e-08 7.514442e-03 
5.941164e-08 7.509755e-03 
6.041164e-08 7.505927e-03 
6.141164e-08 7.502881e-03 
6.241164e-08 7.500377e-03 
6.341164e-08 7.498400e-03 
6.441164e-08 7.496760e-03 
6.541164e-08 7.495480e-03 
6.641164e-08 7.494402e-03 
6.741164e-08 7.493577e-03 
6.841164e-08 7.492866e-03 
6.941164e-08 7.492336e-03 
7.041164e-08 7.491864e-03 
7.141164e-08 7.491528e-03 
7.241164e-08 7.491212e-03 
7.341164e-08 7.491001e-03 
7.441164e-08 7.490786e-03 
7.541164e-08 7.490657e-03 
7.641164e-08 7.490509e-03 
7.741164e-08 7.490434e-03 
7.841164e-08 7.490328e-03 
7.941164e-08 7.490288e-03 
8.041164e-08 7.490211e-03 
8.141164e-08 7.490193e-03 
8.241164e-08 7.490134e-03 
8.341164e-08 7.490131e-03 
8.441164e-08 7.490084e-03 
8.541164e-08 7.490090e-03 
8.641164e-08 7.490051e-03 
8.741164e-08 7.490064e-03 
8.841164e-08 7.490030e-03 
8.941164e-08 7.490047e-03 
9.041164e-08 7.490016e-03 
9.141164e-08 7.490036e-03 
9.241164e-08 7.490007e-03 
9.341164e-08 7.490028e-03 
9.441164e-08 7.490001e-03 
9.541164e-08 7.490024e-03 
9.641164e-08 7.489997e-03 
9.741164e-08 7.490021e-03 
9.841164e-08 7.489995e-03 
9.941164e-08 7.490019e-03 
1.004116e-07 7.489993e-03 
1.014116e-07 7.490017e-03 
1.024116e-07 7.489992e-03 
1.034116e-07 7.490016e-03 
1.044116e-07 7.489992e-03 
1.054116e-07 7.490016e-03 
1.064116e-07 7.489991e-03 
1.074116e-07 7.490015e-03 
1.084116e-07 7.489991e-03 
1.094116e-07 7.490015e-03 
1.104116e-07 7.489991e-03 
1.114116e-07 7.490015e-03 
1.124116e-07 7.489990e-03 
1.134116e-07 7.490015e-03 
1.144116e-07 7.489990e-03 
1.154116e-07 7.490015e-03 
1.164116e-07 7.489990e-03 
1.174116e-07 7.490015e-03 
1.184116e-07 7.489990e-03 
1.194116e-07 7.490015e-03 
1.204116e-07 7.489990e-03 
1.214116e-07 7.490015e-03 
1.224116e-07 7.489990e-03 
1.234116e-07 7.490015e-03 
1.244116e-07 7.489990e-03 
1.254116e-07 7.490015e-03 
1.264116e-07 7.489990e-03 
1.274116e-07 7.490015e-03 
1.284116e-07 7.489990e-03 
1.294116e-07 7.490015e-03 
1.304116e-07 7.489990e-03 
1.314116e-07 7.490015e-03 
1.324116e-07 7.489990e-03 
1.334116e-07 7.490015e-03 
1.344116e-07 7.489990e-03 
1.354116e-07 7.490015e-03 
1.364116e-07 7.489990e-03 
1.374116e-07 7.490015e-03 
1.384116e-07 7.489990e-03 
1.394116e-07 7.490015e-03 
1.404116e-07 7.489990e-03 
1.414116e-07 7.490015e-03 
1.424116e-07 7.489990e-03 
1.434116e-07 7.490015e-03 
1.444116e-07 7.489990e-03 
1.454116e-07 7.490015e-03 
1.464116e-07 7.489990e-03 
1.474116e-07 7.490015e-03 
1.484116e-07 7.489990e-03 
1.494116e-07 7.490015e-03 
1.504116e-07 7.489990e-03 
1.514116e-07 7.490015e-03 
1.524116e-07 7.489990e-03 
1.534116e-07 7.490015e-03 
1.544116e-07 7.489990e-03 
1.554116e-07 7.490015e-03 
1.564116e-07 7.489990e-03 
1.574116e-07 7.490015e-03 
1.584116e-07 7.489990e-03 
1.594116e-07 7.490015e-03 
1.604116e-07 7.489990e-03 
1.614116e-07 7.490015e-03 
1.624116e-07 7.489990e-03 
1.634116e-07 7.490015e-03 
1.644116e-07 7.489990e-03 
1.654116e-07 7.490015e-03 
1.664116e-07 7.489990e-03 
1.674116e-07 7.490015e-03 
1.684116e-07 7.489990e-03 
1.694116e-07 7.490015e-03 
1.704116e-07 7.489990e-03 
1.714116e-07 7.490015e-03 
1.724116e-07 7.489990e-03 
1.734116e-07 7.490015e-03 
1.744116e-07 7.489990e-03 
1.754116e-07 7.490015e-03 
1.764116e-07 7.489990e-03 
1.774116e-07 7.490015e-03 
1.784116e-07 7.489990e-03 
1.794116e-07 7.490015e-03 
1.804116e-07 7.489990e-03 
1.814116e-07 7.490015e-03 
1.824116e-07 7.489990e-03 
1.834116e-07 7.490015e-03 
1.844116e-07 7.489990e-03 
1.854116e-07 7.490015e-03 
1.864116e-07 7.489990e-03 
1.874116e-07 7.490015e-03 
1.884116e-07 7.489990e-03 
1.894116e-07 7.490015e-03 
1.904116e-07 7.489990e-03 
1.914116e-07 7.490015e-03 
1.924116e-07 7.489990e-03 
1.934116e-07 7.490015e-03 
1.944116e-07 7.489990e-03 
1.954116e-07 7.490015e-03 
1.964116e-07 7.489990e-03 
1.974116e-07 7.490015e-03 
1.984116e-07 7.489990e-03 
1.994116e-07 7.490015e-03 
2.004116e-07 7.489990e-03 
2.014116e-07 7.490015e-03 
2.024116e-07 7.489990e-03 
2.034116e-07 7.490015e-03 
2.044116e-07 7.489990e-03 
2.054116e-07 7.490015e-03 
2.064116e-07 7.489990e-03 
2.074116e-07 7.490015e-03 
2.084116e-07 7.489990e-03 
2.094116e-07 7.490015e-03 
2.104116e-07 7.489990e-03 
2.114116e-07 7.490015e-03 
2.124116e-07 7.489990e-03 
2.134116e-07 7.490015e-03 
2.144116e-07 7.489990e-03 
2.154116e-07 7.490015e-03 
2.164116e-07 7.489990e-03 
2.174116e-07 7.490015e-03 
2.184116e-07 7.489990e-03 
2.194116e-07 7.490015e-03 
2.204116e-07 7.489990e-03 
2.214116e-07 7.490015e-03 
2.224116e-07 7.489990e-03 
2.234116e-07 7.490015e-03 
2.244116e-07 7.489990e-03 
2.254116e-07 7.490015e-03 
2.264116e-07 7.489990e-03 
2.274116e-07 7.490015e-03 
2.284116e-07 7.489990e-03 
2.294116e-07 7.490015e-03 
2.304116e-07 7.489990e-03 
2.314116e-07 7.490015e-03 
2.324116e-07 7.489990e-03 
2.334116e-07 7.490015e-03 
2.344116e-07 7.489990e-03 
2.354116e-07 7.490015e-03 
2.364116e-07 7.489990e-03 
2.374116e-07 7.490015e-03 
2.384116e-07 7.489990e-03 
2.394116e-07 7.490015e-03 
2.404116e-07 7.489990e-03 
2.414116e-07 7.490015e-03 
2.424116e-07 7.489990e-03 
2.434116e-07 7.490015e-03 
2.444116e-07 7.489990e-03 
2.454116e-07 7.490015e-03 
2.464116e-07 7.489990e-03 
2.474116e-07 7.490015e-03 
2.484116e-07 7.489990e-03 
2.494116e-07 7.490015e-03 
2.504116e-07 7.489990e-03 
2.514116e-07 7.490015e-03 
2.524116e-07 7.489990e-03 
2.534116e-07 7.490015e-03 
2.544116e-07 7.489990e-03 
2.554116e-07 7.490015e-03 
2.564116e-07 7.489990e-03 
2.574116e-07 7.490015e-03 
2.584116e-07 7.489990e-03 
2.594116e-07 7.490015e-03 
2.604116e-07 7.489990e-03 
2.614116e-07 7.490015e-03 
2.624116e-07 7.489990e-03 
2.634116e-07 7.490015e-03 
2.644116e-07 7.489990e-03 
2.654116e-07 7.490015e-03 
2.664116e-07 7.489990e-03 
2.674116e-07 7.490015e-03 
2.684116e-07 7.489990e-03 
2.694116e-07 7.490015e-03 
2.704116e-07 7.489990e-03 
2.714116e-07 7.490015e-03 
2.724116e-07 7.489990e-03 
2.734116e-07 7.490015e-03 
2.744116e-07 7.489990e-03 
2.754116e-07 7.490015e-03 
2.764116e-07 7.489990e-03 
2.774116e-07 7.490015e-03 
2.784116e-07 7.489990e-03 
2.794116e-07 7.490015e-03 
2.804116e-07 7.489990e-03 
2.814116e-07 7.490015e-03 
2.824116e-07 7.489990e-03 
2.834116e-07 7.490015e-03 
2.844116e-07 7.489990e-03 
2.854116e-07 7.490015e-03 
2.864116e-07 7.489990e-03 
2.874116e-07 7.490015e-03 
2.884116e-07 7.489990e-03 
2.894116e-07 7.490015e-03 
2.904116e-07 7.489990e-03 
2.914116e-07 7.490015e-03 
2.924116e-07 7.489990e-03 
2.934116e-07 7.490015e-03 
2.944116e-07 7.489990e-03 
2.954116e-07 7.490015e-03 
2.964116e-07 7.489990e-03 
2.974116e-07 7.490015e-03 
2.984116e-07 7.489990e-03 
2.994116e-07 7.490015e-03 
3.004116e-07 7.489990e-03 
3.014116e-07 7.490015e-03 
3.024116e-07 7.489990e-03 
3.034116e-07 7.490015e-03 
3.044116e-07 7.489990e-03 
3.054116e-07 7.490015e-03 
3.064116e-07 7.489990e-03 
3.074116e-07 7.490015e-03 
3.084116e-07 7.489990e-03 
3.094116e-07 7.490015e-03 
3.104116e-07 7.489990e-03 
3.114116e-07 7.490015e-03 
3.124116e-07 7.489990e-03 
3.134116e-07 7.490015e-03 
3.144116e-07 7.489990e-03 
3.154116e-07 7.490015e-03 
3.164116e-07 7.489991e-03 
3.174116e-07 7.490015e-03 
3.184116e-07 7.489991e-03 
3.194116e-07 7.490015e-03 
3.204116e-07 7.489991e-03 
3.214116e-07 7.490015e-03 
3.224116e-07 7.489991e-03 
3.234116e-07 7.490015e-03 
3.244116e-07 7.489991e-03 
3.254116e-07 7.490015e-03 
3.264116e-07 7.489991e-03 
3.274116e-07 7.490015e-03 
3.284116e-07 7.489991e-03 
3.294116e-07 7.490015e-03 
3.304116e-07 7.489991e-03 
3.314116e-07 7.490015e-03 
3.324116e-07 7.489991e-03 
3.334116e-07 7.490015e-03 
3.344116e-07 7.489991e-03 
3.354116e-07 7.490015e-03 
3.364116e-07 7.489991e-03 
3.374116e-07 7.490015e-03 
3.384116e-07 7.489991e-03 
3.394116e-07 7.490015e-03 
3.404116e-07 7.489991e-03 
3.414116e-07 7.490015e-03 
3.424116e-07 7.489991e-03 
3.434116e-07 7.490015e-03 
3.444116e-07 7.489991e-03 
3.454116e-07 7.490015e-03 
3.464116e-07 7.489991e-03 
3.474116e-07 7.490015e-03 
3.484116e-07 7.489991e-03 
3.494116e-07 7.490015e-03 
3.504116e-07 7.489991e-03 
3.514116e-07 7.490015e-03 
3.524116e-07 7.489991e-03 
3.534116e-07 7.490015e-03 
3.544116e-07 7.489991e-03 
3.554116e-07 7.490015e-03 
3.564116e-07 7.489991e-03 
3.574116e-07 7.490015e-03 
3.584116e-07 7.489991e-03 
3.594116e-07 7.490015e-03 
3.604116e-07 7.489991e-03 
3.614116e-07 7.490015e-03 
3.624116e-07 7.489991e-03 
3.634116e-07 7.490015e-03 
3.644116e-07 7.489991e-03 
3.654116e-07 7.490015e-03 
3.664116e-07 7.489991e-03 
3.674116e-07 7.490015e-03 
3.684116e-07 7.489991e-03 
3.694116e-07 7.490015e-03 
3.704116e-07 7.489991e-03 
3.714116e-07 7.490015e-03 
3.724116e-07 7.489991e-03 
3.734116e-07 7.490015e-03 
3.744116e-07 7.489991e-03 
3.754116e-07 7.490015e-03 
3.764116e-07 7.489991e-03 
3.774116e-07 7.490015e-03 
3.784116e-07 7.489991e-03 
3.794116e-07 7.490015e-03 
3.804116e-07 7.489991e-03 
3.814116e-07 7.490015e-03 
3.824116e-07 7.489991e-03 
3.834116e-07 7.490015e-03 
3.844116e-07 7.489991e-03 
3.854116e-07 7.490015e-03 
3.864116e-07 7.489991e-03 
3.874116e-07 7.490015e-03 
3.884116e-07 7.489991e-03 
3.894116e-07 7.490015e-03 
3.904116e-07 7.489991e-03 
3.914116e-07 7.490015e-03 
3.924116e-07 7.489991e-03 
3.934116e-07 7.490015e-03 
3.944116e-07 7.489991e-03 
3.954116e-07 7.490015e-03 
3.964116e-07 7.489991e-03 
3.974116e-07 7.490015e-03 
3.984116e-07 7.489991e-03 
3.994116e-07 7.490015e-03 
4.004116e-07 7.489991e-03 
4.014116e-07 7.490015e-03 
4.024116e-07 7.489991e-03 
4.034116e-07 7.490015e-03 
4.044116e-07 7.489991e-03 
4.054116e-07 7.490015e-03 
4.064116e-07 7.489991e-03 
4.074116e-07 7.490015e-03 
4.084116e-07 7.489991e-03 
4.094116e-07 7.490015e-03 
4.104116e-07 7.489991e-03 
4.114116e-07 7.490015e-03 
4.124116e-07 7.489991e-03 
4.134116e-07 7.490015e-03 
4.144116e-07 7.489991e-03 
4.154116e-07 7.490015e-03 
4.164116e-07 7.489991e-03 
4.174116e-07 7.490015e-03 
4.184116e-07 7.489991e-03 
4.194116e-07 7.490015e-03 
4.204116e-07 7.489991e-03 
4.214116e-07 7.490015e-03 
4.224116e-07 7.489991e-03 
4.234116e-07 7.490015e-03 
4.244116e-07 7.489991e-03 
4.254116e-07 7.490015e-03 
4.264116e-07 7.489991e-03 
4.274116e-07 7.490015e-03 
4.284116e-07 7.489991e-03 
4.294116e-07 7.490015e-03 
4.304116e-07 7.489991e-03 
4.314116e-07 7.490015e-03 
4.324116e-07 7.489991e-03 
4.334116e-07 7.490015e-03 
4.344116e-07 7.489991e-03 
4.354116e-07 7.490015e-03 
4.364116e-07 7.489991e-03 
4.374116e-07 7.490015e-03 
4.384116e-07 7.489991e-03 
4.394116e-07 7.490015e-03 
4.404116e-07 7.489991e-03 
4.414116e-07 7.490015e-03 
4.424116e-07 7.489991e-03 
4.434116e-07 7.490015e-03 
4.444116e-07 7.489991e-03 
4.454116e-07 7.490015e-03 
4.464116e-07 7.489991e-03 
4.474116e-07 7.490015e-03 
4.484116e-07 7.489991e-03 
4.494116e-07 7.490015e-03 
4.504116e-07 7.489991e-03 
4.514116e-07 7.490015e-03 
4.524116e-07 7.489991e-03 
4.534116e-07 7.490015e-03 
4.544116e-07 7.489991e-03 
4.554116e-07 7.490015e-03 
4.564116e-07 7.489991e-03 
4.574116e-07 7.490015e-03 
4.584116e-07 7.489991e-03 
4.594116e-07 7.490015e-03 
4.604116e-07 7.489991e-03 
4.614116e-07 7.490016e-03 
4.624116e-07 7.489991e-03 
4.634116e-07 7.490016e-03 
4.644116e-07 7.489991e-03 
4.654116e-07 7.490016e-03 
4.664116e-07 7.489991e-03 
4.674116e-07 7.490016e-03 
4.684116e-07 7.489991e-03 
4.694116e-07 7.490016e-03 
4.704116e-07 7.489991e-03 
4.714116e-07 7.490016e-03 
4.724116e-07 7.489991e-03 
4.734116e-07 7.490016e-03 
4.744116e-07 7.489991e-03 
4.754116e-07 7.490016e-03 
4.764116e-07 7.489991e-03 
4.774116e-07 7.490016e-03 
4.784116e-07 7.489991e-03 
4.794116e-07 7.490016e-03 
4.804116e-07 7.489991e-03 
4.814116e-07 7.490016e-03 
4.824116e-07 7.489991e-03 
4.834116e-07 7.490016e-03 
4.844116e-07 7.489991e-03 
4.854116e-07 7.490016e-03 
4.864116e-07 7.489991e-03 
4.874116e-07 7.490016e-03 
4.884116e-07 7.489991e-03 
4.894116e-07 7.490016e-03 
4.904116e-07 7.489991e-03 
4.914116e-07 7.490016e-03 
4.924116e-07 7.489991e-03 
4.934116e-07 7.490016e-03 
4.944116e-07 7.489991e-03 
4.954116e-07 7.490016e-03 
4.964116e-07 7.489991e-03 
4.974116e-07 7.490016e-03 
4.984116e-07 7.489991e-03 
4.994116e-07 7.490016e-03 
5.004116e-07 7.489991e-03 
5.014116e-07 7.490016e-03 
5.024116e-07 7.489991e-03 
5.034116e-07 7.490016e-03 
5.044116e-07 7.489991e-03 
5.054116e-07 7.490016e-03 
5.064116e-07 7.489991e-03 
5.074116e-07 7.490016e-03 
5.084116e-07 7.489991e-03 
5.094116e-07 7.490016e-03 
5.104116e-07 7.489991e-03 
5.114116e-07 7.490016e-03 
5.124116e-07 7.489991e-03 
5.134116e-07 7.490016e-03 
5.144116e-07 7.489991e-03 
5.154116e-07 7.490016e-03 
5.164116e-07 7.489991e-03 
5.174116e-07 7.490016e-03 
5.184116e-07 7.489991e-03 
5.194116e-07 7.490016e-03 
5.204116e-07 7.489991e-03 
5.214116e-07 7.490016e-03 
5.224116e-07 7.489991e-03 
5.234116e-07 7.490016e-03 
5.244116e-07 7.489991e-03 
5.254116e-07 7.490016e-03 
5.264116e-07 7.489991e-03 
5.274116e-07 7.490016e-03 
5.284116e-07 7.489991e-03 
5.294116e-07 7.490016e-03 
5.304116e-07 7.489991e-03 
5.314116e-07 7.490016e-03 
5.324116e-07 7.489991e-03 
5.334116e-07 7.490016e-03 
5.344116e-07 7.489991e-03 
5.354116e-07 7.490016e-03 
5.364116e-07 7.489991e-03 
5.374116e-07 7.490016e-03 
5.384116e-07 7.489991e-03 
5.394116e-07 7.490016e-03 
5.404116e-07 7.489991e-03 
5.414116e-07 7.490016e-03 
5.424116e-07 7.489991e-03 
5.434116e-07 7.490016e-03 
5.444116e-07 7.489991e-03 
5.454116e-07 7.490016e-03 
5.464116e-07 7.489991e-03 
5.474116e-07 7.490016e-03 
5.484116e-07 7.489991e-03 
5.494116e-07 7.490016e-03 
5.504116e-07 7.489991e-03 
5.514116e-07 7.490016e-03 
5.524116e-07 7.489991e-03 
5.534116e-07 7.490016e-03 
5.544116e-07 7.489991e-03 
5.554116e-07 7.490016e-03 
5.564116e-07 7.489991e-03 
5.574116e-07 7.490016e-03 
5.584116e-07 7.489991e-03 
5.594116e-07 7.490016e-03 
5.604116e-07 7.489991e-03 
5.614116e-07 7.490016e-03 
5.624116e-07 7.489991e-03 
5.634116e-07 7.490016e-03 
5.644116e-07 7.489991e-03 
5.654116e-07 7.490016e-03 
5.664116e-07 7.489991e-03 
5.674116e-07 7.490016e-03 
5.684116e-07 7.489991e-03 
5.694116e-07 7.490016e-03 
5.704116e-07 7.489991e-03 
5.714116e-07 7.490016e-03 
5.724116e-07 7.489991e-03 
5.734116e-07 7.490016e-03 
5.744116e-07 7.489991e-03 
5.754116e-07 7.490016e-03 
5.764116e-07 7.489991e-03 
5.774116e-07 7.490016e-03 
5.784116e-07 7.489991e-03 
5.794116e-07 7.490016e-03 
5.804116e-07 7.489991e-03 
5.814116e-07 7.490016e-03 
5.824116e-07 7.489991e-03 
5.834116e-07 7.490016e-03 
5.844116e-07 7.489991e-03 
5.854116e-07 7.490016e-03 
5.864116e-07 7.489991e-03 
5.874116e-07 7.490016e-03 
5.884116e-07 7.489991e-03 
5.894116e-07 7.490016e-03 
5.904116e-07 7.489991e-03 
5.914116e-07 7.490016e-03 
5.924116e-07 7.489991e-03 
5.934116e-07 7.490016e-03 
5.944116e-07 7.489991e-03 
5.954116e-07 7.490016e-03 
5.964116e-07 7.489991e-03 
5.974116e-07 7.490016e-03 
5.984116e-07 7.489991e-03 
5.994116e-07 7.490016e-03 
6.004116e-07 7.489991e-03 
6.014116e-07 7.490016e-03 
6.024116e-07 7.489991e-03 
6.034116e-07 7.490016e-03 
6.044116e-07 7.489991e-03 
6.054116e-07 7.490016e-03 
6.064116e-07 7.489991e-03 
6.074116e-07 7.490016e-03 
6.084116e-07 7.489991e-03 
6.094116e-07 7.490016e-03 
6.104116e-07 7.489991e-03 
6.114116e-07 7.490016e-03 
6.124116e-07 7.489991e-03 
6.134116e-07 7.490016e-03 
6.144116e-07 7.489991e-03 
6.154116e-07 7.490016e-03 
6.164116e-07 7.489991e-03 
6.174116e-07 7.490016e-03 
6.184116e-07 7.489991e-03 
6.194116e-07 7.490016e-03 
6.204116e-07 7.489991e-03 
6.214116e-07 7.490016e-03 
6.224116e-07 7.489991e-03 
6.234116e-07 7.490016e-03 
6.244116e-07 7.489991e-03 
6.254116e-07 7.490016e-03 
6.264116e-07 7.489991e-03 
6.274116e-07 7.490016e-03 
6.284116e-07 7.489991e-03 
6.294116e-07 7.490016e-03 
6.304116e-07 7.489991e-03 
6.314116e-07 7.490016e-03 
6.324116e-07 7.489991e-03 
6.334116e-07 7.490016e-03 
6.344116e-07 7.489991e-03 
6.354116e-07 7.490016e-03 
6.364116e-07 7.489991e-03 
6.374116e-07 7.490016e-03 
6.384116e-07 7.489991e-03 
6.394116e-07 7.490016e-03 
6.404116e-07 7.489991e-03 
6.414116e-07 7.490016e-03 
6.424116e-07 7.489991e-03 
6.434116e-07 7.490016e-03 
6.444116e-07 7.489991e-03 
6.454116e-07 7.490016e-03 
6.464116e-07 7.489991e-03 
6.474116e-07 7.490016e-03 
6.484116e-07 7.489991e-03 
6.494116e-07 7.490016e-03 
6.504116e-07 7.489991e-03 
6.514116e-07 7.490016e-03 
6.524116e-07 7.489991e-03 
6.534116e-07 7.490016e-03 
6.544116e-07 7.489991e-03 
6.554116e-07 7.490016e-03 
6.564116e-07 7.489991e-03 
6.574116e-07 7.490016e-03 
6.584116e-07 7.489991e-03 
6.594116e-07 7.490016e-03 
6.604116e-07 7.489991e-03 
6.614116e-07 7.490016e-03 
6.624116e-07 7.489991e-03 
6.634116e-07 7.490016e-03 
6.644116e-07 7.489991e-03 
6.654116e-07 7.490016e-03 
6.664116e-07 7.489991e-03 
6.674116e-07 7.490016e-03 
6.684116e-07 7.489991e-03 
6.694116e-07 7.490016e-03 
6.704116e-07 7.489991e-03 
6.714116e-07 7.490016e-03 
6.724116e-07 7.489991e-03 
6.734116e-07 7.490016e-03 
6.744116e-07 7.489991e-03 
6.754116e-07 7.490016e-03 
6.764116e-07 7.489991e-03 
6.774116e-07 7.490016e-03 
6.784116e-07 7.489991e-03 
6.794116e-07 7.490016e-03 
6.804116e-07 7.489991e-03 
6.814116e-07 7.490016e-03 
6.824116e-07 7.489991e-03 
6.834116e-07 7.490016e-03 
6.844116e-07 7.489991e-03 
6.854116e-07 7.490016e-03 
6.864116e-07 7.489991e-03 
6.874116e-07 7.490016e-03 
6.884116e-07 7.489991e-03 
6.894116e-07 7.490016e-03 
6.904116e-07 7.489991e-03 
6.914116e-07 7.490016e-03 
6.924116e-07 7.489991e-03 
6.934116e-07 7.490016e-03 
6.944116e-07 7.489991e-03 
6.954116e-07 7.490016e-03 
6.964116e-07 7.489991e-03 
6.974116e-07 7.490016e-03 
6.984116e-07 7.489991e-03 
6.994116e-07 7.490016e-03 
7.004116e-07 7.489991e-03 
7.014116e-07 7.490016e-03 
7.024116e-07 7.489991e-03 
7.034116e-07 7.490016e-03 
7.044116e-07 7.489991e-03 
7.054116e-07 7.490016e-03 
7.064116e-07 7.489991e-03 
7.074116e-07 7.490016e-03 
7.084116e-07 7.489991e-03 
7.094116e-07 7.490016e-03 
7.104116e-07 7.489991e-03 
7.114116e-07 7.490016e-03 
7.124116e-07 7.489991e-03 
7.134116e-07 7.490016e-03 
7.144116e-07 7.489991e-03 
7.154116e-07 7.490016e-03 
7.164116e-07 7.489991e-03 
7.174116e-07 7.490016e-03 
7.184116e-07 7.489991e-03 
7.194116e-07 7.490016e-03 
7.204116e-07 7.489991e-03 
7.214116e-07 7.490016e-03 
7.224116e-07 7.489991e-03 
7.234116e-07 7.490016e-03 
7.244116e-07 7.489991e-03 
7.254116e-07 7.490016e-03 
7.264116e-07 7.489991e-03 
7.274116e-07 7.490016e-03 
7.284116e-07 7.489991e-03 
7.294116e-07 7.490016e-03 
7.304116e-07 7.489991e-03 
7.314116e-07 7.490016e-03 
7.324116e-07 7.489991e-03 
7.334116e-07 7.490016e-03 
7.344116e-07 7.489991e-03 
7.354116e-07 7.490016e-03 
7.364116e-07 7.489991e-03 
7.374116e-07 7.490016e-03 
7.384116e-07 7.489991e-03 
7.394116e-07 7.490016e-03 
7.404116e-07 7.489991e-03 
7.414116e-07 7.490016e-03 
7.424116e-07 7.489991e-03 
7.434116e-07 7.490016e-03 
7.444116e-07 7.489991e-03 
7.454116e-07 7.490016e-03 
7.464116e-07 7.489991e-03 
7.474116e-07 7.490016e-03 
7.484116e-07 7.489991e-03 
7.494116e-07 7.490016e-03 
7.504116e-07 7.489991e-03 
7.514116e-07 7.490016e-03 
7.524116e-07 7.489991e-03 
7.534116e-07 7.490016e-03 
7.544116e-07 7.489991e-03 
7.554116e-07 7.490016e-03 
7.564116e-07 7.489991e-03 
7.574116e-07 7.490016e-03 
7.584116e-07 7.489991e-03 
7.594116e-07 7.490016e-03 
7.604116e-07 7.489991e-03 
7.614116e-07 7.490016e-03 
7.624116e-07 7.489991e-03 
7.634116e-07 7.490016e-03 
7.644116e-07 7.489991e-03 
7.654116e-07 7.490016e-03 
7.664116e-07 7.489991e-03 
7.674116e-07 7.490016e-03 
7.684116e-07 7.489991e-03 
7.694116e-07 7.490016e-03 
7.704116e-07 7.489991e-03 
7.714116e-07 7.490016e-03 
7.724116e-07 7.489991e-03 
7.734116e-07 7.490016e-03 
7.744116e-07 7.489991e-03 
7.754116e-07 7.490016e-03 
7.764116e-07 7.489991e-03 
7.774116e-07 7.490016e-03 
7.784116e-07 7.489991e-03 
7.794116e-07 7.490016e-03 
7.804116e-07 7.489991e-03 
7.814116e-07 7.490016e-03 
7.824116e-07 7.489991e-03 
7.834116e-07 7.490016e-03 
7.844116e-07 7.489991e-03 
7.854116e-07 7.490016e-03 
7.864116e-07 7.489991e-03 
7.874116e-07 7.490016e-03 
7.884116e-07 7.489991e-03 
7.894116e-07 7.490016e-03 
7.904116e-07 7.489991e-03 
7.914116e-07 7.490016e-03 
7.924116e-07 7.489991e-03 
7.934116e-07 7.490016e-03 
7.944116e-07 7.489991e-03 
7.954116e-07 7.490016e-03 
7.964116e-07 7.489991e-03 
7.974116e-07 7.490016e-03 
7.984116e-07 7.489991e-03 
7.994116e-07 7.490016e-03 
8.004116e-07 7.489991e-03 
8.014116e-07 7.490016e-03 
8.024116e-07 7.489991e-03 
8.034116e-07 7.490016e-03 
8.044116e-07 7.489991e-03 
8.054116e-07 7.490016e-03 
8.064116e-07 7.489991e-03 
8.074116e-07 7.490016e-03 
8.084116e-07 7.489991e-03 
8.094116e-07 7.490016e-03 
8.104116e-07 7.489991e-03 
8.114116e-07 7.490016e-03 
8.124116e-07 7.489991e-03 
8.134116e-07 7.490016e-03 
8.144116e-07 7.489991e-03 
8.154116e-07 7.490016e-03 
8.164116e-07 7.489991e-03 
8.174116e-07 7.490016e-03 
8.184116e-07 7.489991e-03 
8.194116e-07 7.490016e-03 
8.204116e-07 7.489991e-03 
8.214116e-07 7.490016e-03 
8.224116e-07 7.489991e-03 
8.234116e-07 7.490016e-03 
8.244116e-07 7.489991e-03 
8.254116e-07 7.490016e-03 
8.264116e-07 7.489991e-03 
8.274116e-07 7.490016e-03 
8.284116e-07 7.489991e-03 
8.294116e-07 7.490016e-03 
8.304116e-07 7.489991e-03 
8.314116e-07 7.490016e-03 
8.324116e-07 7.489991e-03 
8.334116e-07 7.490016e-03 
8.344116e-07 7.489991e-03 
8.354116e-07 7.490016e-03 
8.364116e-07 7.489991e-03 
8.374116e-07 7.490016e-03 
8.384116e-07 7.489991e-03 
8.394116e-07 7.490016e-03 
8.404116e-07 7.489991e-03 
8.414116e-07 7.490016e-03 
8.424116e-07 7.489991e-03 
8.434116e-07 7.490016e-03 
8.444116e-07 7.489991e-03 
8.454116e-07 7.490016e-03 
8.464116e-07 7.489991e-03 
8.474116e-07 7.490016e-03 
8.484116e-07 7.489991e-03 
8.494116e-07 7.490016e-03 
8.504116e-07 7.489991e-03 
8.514116e-07 7.490016e-03 
8.524116e-07 7.489991e-03 
8.534116e-07 7.490016e-03 
8.544116e-07 7.489991e-03 
8.554116e-07 7.490016e-03 
8.564116e-07 7.489991e-03 
8.574116e-07 7.490016e-03 
8.584116e-07 7.489991e-03 
8.594116e-07 7.490016e-03 
8.604116e-07 7.489991e-03 
8.614116e-07 7.490016e-03 
8.624116e-07 7.489991e-03 
8.634116e-07 7.490016e-03 
8.644116e-07 7.489991e-03 
8.654116e-07 7.490016e-03 
8.664116e-07 7.489991e-03 
8.674116e-07 7.490016e-03 
8.684116e-07 7.489991e-03 
8.694116e-07 7.490016e-03 
8.704116e-07 7.489991e-03 
8.714116e-07 7.490016e-03 
8.724116e-07 7.489991e-03 
8.734116e-07 7.490016e-03 
8.744116e-07 7.489991e-03 
8.754116e-07 7.490016e-03 
8.764116e-07 7.489991e-03 
8.774116e-07 7.490016e-03 
8.784116e-07 7.489991e-03 
8.794116e-07 7.490016e-03 
8.804116e-07 7.489991e-03 
8.814116e-07 7.490016e-03 
8.824116e-07 7.489991e-03 
8.834116e-07 7.490016e-03 
8.844116e-07 7.489991e-03 
8.854116e-07 7.490016e-03 
8.864116e-07 7.489991e-03 
8.874116e-07 7.490016e-03 
8.884116e-07 7.489991e-03 
8.894116e-07 7.490016e-03 
8.904116e-07 7.489991e-03 
8.914116e-07 7.490016e-03 
8.924116e-07 7.489991e-03 
8.934116e-07 7.490016e-03 
8.944116e-07 7.489991e-03 
8.954116e-07 7.490016e-03 
8.964116e-07 7.489991e-03 
8.974116e-07 7.490016e-03 
8.984116e-07 7.489991e-03 
8.994116e-07 7.490016e-03 
9.004116e-07 7.489991e-03 
9.014116e-07 7.490016e-03 
9.024116e-07 7.489991e-03 
9.034116e-07 7.490016e-03 
9.044116e-07 7.489991e-03 
9.054116e-07 7.490016e-03 
9.064116e-07 7.489991e-03 
9.074116e-07 7.490016e-03 
9.084116e-07 7.489991e-03 
9.094116e-07 7.490016e-03 
9.104116e-07 7.489991e-03 
9.114116e-07 7.490016e-03 
9.124116e-07 7.489991e-03 
9.134116e-07 7.490016e-03 
9.144116e-07 7.489991e-03 
9.154116e-07 7.490016e-03 
9.164116e-07 7.489991e-03 
9.174116e-07 7.490016e-03 
9.184116e-07 7.489991e-03 
9.194116e-07 7.490016e-03 
9.204116e-07 7.489991e-03 
9.214116e-07 7.490016e-03 
9.224116e-07 7.489991e-03 
9.234116e-07 7.490016e-03 
9.244116e-07 7.489991e-03 
9.254116e-07 7.490016e-03 
9.264116e-07 7.489991e-03 
9.274116e-07 7.490016e-03 
9.284116e-07 7.489991e-03 
9.294116e-07 7.490016e-03 
9.304116e-07 7.489991e-03 
9.314116e-07 7.490016e-03 
9.324116e-07 7.489991e-03 
9.334116e-07 7.490016e-03 
9.344116e-07 7.489991e-03 
9.354116e-07 7.490016e-03 
9.364116e-07 7.489991e-03 
9.374116e-07 7.490016e-03 
9.384116e-07 7.489991e-03 
9.394116e-07 7.490016e-03 
9.404116e-07 7.489991e-03 
9.414116e-07 7.490016e-03 
9.424116e-07 7.489991e-03 
9.434116e-07 7.490017e-03 
9.444116e-07 7.489991e-03 
9.454116e-07 7.490017e-03 
9.464116e-07 7.489991e-03 
9.474116e-07 7.490017e-03 
9.484116e-07 7.489991e-03 
9.494116e-07 7.490017e-03 
9.504116e-07 7.489991e-03 
9.514116e-07 7.490017e-03 
9.524116e-07 7.489991e-03 
9.534116e-07 7.490017e-03 
9.544116e-07 7.489991e-03 
9.554116e-07 7.490017e-03 
9.564116e-07 7.489991e-03 
9.574116e-07 7.490017e-03 
9.584116e-07 7.489991e-03 
9.594116e-07 7.490017e-03 
9.604116e-07 7.489991e-03 
9.614116e-07 7.490017e-03 
9.624116e-07 7.489991e-03 
9.634116e-07 7.490017e-03 
9.644116e-07 7.489991e-03 
9.654116e-07 7.490017e-03 
9.664116e-07 7.489991e-03 
9.674116e-07 7.490017e-03 
9.684116e-07 7.489991e-03 
9.694116e-07 7.490017e-03 
9.704116e-07 7.489991e-03 
9.714116e-07 7.490017e-03 
9.724116e-07 7.489991e-03 
9.734116e-07 7.490017e-03 
9.744116e-07 7.489991e-03 
9.754116e-07 7.490017e-03 
9.764116e-07 7.489991e-03 
9.774116e-07 7.490017e-03 
9.784116e-07 7.489991e-03 
9.794116e-07 7.490017e-03 
9.804116e-07 7.489991e-03 
9.814116e-07 7.490017e-03 
9.824116e-07 7.489991e-03 
9.834116e-07 7.490017e-03 
9.844116e-07 7.489991e-03 
9.854116e-07 7.490017e-03 
9.864116e-07 7.489991e-03 
9.874116e-07 7.490017e-03 
9.884116e-07 7.489991e-03 
9.894116e-07 7.490017e-03 
9.904116e-07 7.489991e-03 
9.914116e-07 7.490017e-03 
9.924116e-07 7.489991e-03 
9.934116e-07 7.490017e-03 
9.944116e-07 7.489991e-03 
9.954116e-07 7.490017e-03 
9.964116e-07 7.489991e-03 
9.974116e-07 7.490017e-03 
9.984116e-07 7.489991e-03 
9.994116e-07 7.490017e-03 
1.000101e-06 7.489991e-03 
1.000101e-06 7.457661e-03 
1.000101e-06 7.391473e-03 
1.000102e-06 7.267450e-03 
1.000102e-06 7.193342e-03 
1.000102e-06 7.198741e-03 
1.000102e-06 7.210989e-03 
1.000103e-06 7.235551e-03 
1.000103e-06 7.284503e-03 
1.000104e-06 7.382591e-03 
1.000107e-06 7.578568e-03 
1.000112e-06 7.970685e-03 
1.000122e-06 8.754597e-03 
1.000143e-06 1.032211e-02 
1.000184e-06 1.345494e-02 
1.000266e-06 1.971276e-02 
1.000430e-06 3.219617e-02 
1.000757e-06 5.703569e-02 
1.001413e-06 1.062090e-01 
1.002413e-06 1.799581e-01 
1.003413e-06 2.521758e-01 
1.004413e-06 3.228835e-01 
1.005413e-06 3.921006e-01 
1.006413e-06 4.598413e-01 
1.007413e-06 5.261067e-01 
1.008413e-06 5.908772e-01 
1.009413e-06 6.540708e-01 
1.010413e-06 7.156374e-01 
1.011413e-06 7.754632e-01 
1.012413e-06 8.334123e-01 
1.013413e-06 8.894218e-01 
1.014413e-06 9.434081e-01 
1.015413e-06 9.952992e-01 
1.016413e-06 1.045044e+00 
1.017413e-06 1.092605e+00 
1.018413e-06 1.137993e+00 
1.019413e-06 1.181176e+00 
1.020413e-06 1.222162e+00 
1.021413e-06 1.260983e+00 
1.022413e-06 1.297671e+00 
1.023413e-06 1.332280e+00 
1.024413e-06 1.364863e+00 
1.025413e-06 1.395488e+00 
1.026413e-06 1.424220e+00 
1.027413e-06 1.451138e+00 
1.028413e-06 1.476315e+00 
1.029413e-06 1.499832e+00 
1.030413e-06 1.521768e+00 
1.031413e-06 1.542204e+00 
1.032413e-06 1.561217e+00 
1.033413e-06 1.578886e+00 
1.034413e-06 1.595289e+00 
1.035413e-06 1.610499e+00 
1.036413e-06 1.624588e+00 
1.037413e-06 1.637628e+00 
1.038413e-06 1.649683e+00 
1.039413e-06 1.660820e+00 
1.040413e-06 1.671100e+00 
1.041413e-06 1.680580e+00 
1.042413e-06 1.689317e+00 
1.043413e-06 1.697365e+00 
1.044413e-06 1.704772e+00 
1.045413e-06 1.711584e+00 
1.046413e-06 1.717846e+00 
1.047413e-06 1.723598e+00 
1.048413e-06 1.728881e+00 
1.049413e-06 1.733729e+00 
1.050413e-06 1.738177e+00 
1.051413e-06 1.742256e+00 
1.052413e-06 1.745996e+00 
1.053413e-06 1.749422e+00 
1.054413e-06 1.752561e+00 
1.055413e-06 1.755435e+00 
1.056413e-06 1.758067e+00 
1.057413e-06 1.760476e+00 
1.058413e-06 1.762681e+00 
1.059413e-06 1.764698e+00 
1.060413e-06 1.766543e+00 
1.061413e-06 1.768230e+00 
1.062413e-06 1.769773e+00 
1.063413e-06 1.771183e+00 
1.064413e-06 1.772472e+00 
1.065413e-06 1.773651e+00 
1.066413e-06 1.774728e+00 
1.067413e-06 1.775712e+00 
1.068413e-06 1.776611e+00 
1.069413e-06 1.777433e+00 
1.070413e-06 1.778184e+00 
1.071413e-06 1.778869e+00 
1.072413e-06 1.779495e+00 
1.073413e-06 1.780067e+00 
1.074413e-06 1.780590e+00 
1.075413e-06 1.781067e+00 
1.076413e-06 1.781502e+00 
1.077413e-06 1.781900e+00 
1.078413e-06 1.782264e+00 
1.079413e-06 1.782595e+00 
1.080413e-06 1.782898e+00 
1.081413e-06 1.783175e+00 
1.082413e-06 1.783427e+00 
1.083413e-06 1.783657e+00 
1.084413e-06 1.783868e+00 
1.085413e-06 1.784060e+00 
1.086413e-06 1.784235e+00 
1.087413e-06 1.784395e+00 
1.088413e-06 1.784542e+00 
1.089413e-06 1.784675e+00 
1.090413e-06 1.784797e+00 
1.091413e-06 1.784908e+00 
1.092413e-06 1.785010e+00 
1.093413e-06 1.785102e+00 
1.094413e-06 1.785187e+00 
1.095413e-06 1.785264e+00 
1.096413e-06 1.785334e+00 
1.097413e-06 1.785399e+00 
1.098413e-06 1.785457e+00 
1.099413e-06 1.785511e+00 
1.100413e-06 1.785560e+00 
1.101413e-06 1.785605e+00 
1.102413e-06 1.785645e+00 
1.103413e-06 1.785682e+00 
1.104413e-06 1.785717e+00 
1.105413e-06 1.785747e+00 
1.106413e-06 1.785776e+00 
1.107413e-06 1.785802e+00 
1.108413e-06 1.785825e+00 
1.109413e-06 1.785847e+00 
1.110413e-06 1.785866e+00 
1.111413e-06 1.785884e+00 
1.112413e-06 1.785901e+00 
1.113413e-06 1.785915e+00 
1.114413e-06 1.785929e+00 
1.115413e-06 1.785942e+00 
1.116413e-06 1.785953e+00 
1.117413e-06 1.785963e+00 
1.118413e-06 1.785973e+00 
1.119413e-06 1.785981e+00 
1.120413e-06 1.785989e+00 
1.121413e-06 1.785996e+00 
1.122413e-06 1.786003e+00 
1.123413e-06 1.786009e+00 
1.124413e-06 1.786014e+00 
1.125413e-06 1.786019e+00 
1.126413e-06 1.786024e+00 
1.127413e-06 1.786028e+00 
1.128413e-06 1.786032e+00 
1.129413e-06 1.786035e+00 
1.130413e-06 1.786039e+00 
1.131413e-06 1.786041e+00 
1.132413e-06 1.786044e+00 
1.133413e-06 1.786046e+00 
1.134413e-06 1.786049e+00 
1.135413e-06 1.786051e+00 
1.136413e-06 1.786053e+00 
1.137413e-06 1.786054e+00 
1.138413e-06 1.786056e+00 
1.139413e-06 1.786057e+00 
1.140413e-06 1.786058e+00 
1.141413e-06 1.786059e+00 
1.142413e-06 1.786061e+00 
1.143413e-06 1.786061e+00 
1.144413e-06 1.786062e+00 
1.145413e-06 1.786063e+00 
1.146413e-06 1.786064e+00 
1.147413e-06 1.786065e+00 
1.148413e-06 1.786065e+00 
1.149413e-06 1.786066e+00 
1.150413e-06 1.786066e+00 
1.151413e-06 1.786067e+00 
1.152413e-06 1.786067e+00 
1.153413e-06 1.786068e+00 
1.154413e-06 1.786068e+00 
1.155413e-06 1.786068e+00 
1.156413e-06 1.786069e+00 
1.157413e-06 1.786069e+00 
1.158413e-06 1.786069e+00 
1.159413e-06 1.786069e+00 
1.160413e-06 1.786070e+00 
1.161413e-06 1.786070e+00 
1.162413e-06 1.786070e+00 
1.163413e-06 1.786070e+00 
1.164413e-06 1.786070e+00 
1.165413e-06 1.786070e+00 
1.166413e-06 1.786070e+00 
1.167413e-06 1.786070e+00 
1.168413e-06 1.786071e+00 
1.169413e-06 1.786071e+00 
1.170413e-06 1.786071e+00 
1.171413e-06 1.786071e+00 
1.172413e-06 1.786071e+00 
1.173413e-06 1.786071e+00 
1.174413e-06 1.786071e+00 
1.175413e-06 1.786071e+00 
1.176413e-06 1.786071e+00 
1.177413e-06 1.786071e+00 
1.178413e-06 1.786071e+00 
1.179413e-06 1.786071e+00 
1.180413e-06 1.786071e+00 
1.181413e-06 1.786071e+00 
1.182413e-06 1.786071e+00 
1.183413e-06 1.786071e+00 
1.184413e-06 1.786071e+00 
1.185413e-06 1.786071e+00 
1.186413e-06 1.786071e+00 
1.187413e-06 1.786071e+00 
1.188413e-06 1.786071e+00 
1.189413e-06 1.786071e+00 
1.190413e-06 1.786072e+00 
1.191413e-06 1.786071e+00 
1.192413e-06 1.786072e+00 
1.193413e-06 1.786071e+00 
1.194413e-06 1.786072e+00 
1.195413e-06 1.786071e+00 
1.196413e-06 1.786072e+00 
1.197413e-06 1.786072e+00 
1.198413e-06 1.786072e+00 
1.199413e-06 1.786072e+00 
1.200413e-06 1.786072e+00 
1.201413e-06 1.786072e+00 
1.202413e-06 1.786072e+00 
1.203413e-06 1.786072e+00 
1.204413e-06 1.786072e+00 
1.205413e-06 1.786072e+00 
1.206413e-06 1.786072e+00 
1.207413e-06 1.786072e+00 
1.208413e-06 1.786072e+00 
1.209413e-06 1.786072e+00 
1.210413e-06 1.786072e+00 
1.211413e-06 1.786072e+00 
1.212413e-06 1.786072e+00 
1.213413e-06 1.786072e+00 
1.214413e-06 1.786072e+00 
1.215413e-06 1.786072e+00 
1.216413e-06 1.786072e+00 
1.217413e-06 1.786072e+00 
1.218413e-06 1.786072e+00 
1.219413e-06 1.786072e+00 
1.220413e-06 1.786072e+00 
1.221413e-06 1.786072e+00 
1.222413e-06 1.786072e+00 
1.223413e-06 1.786072e+00 
1.224413e-06 1.786072e+00 
1.225413e-06 1.786072e+00 
1.226413e-06 1.786072e+00 
1.227413e-06 1.786072e+00 
1.228413e-06 1.786072e+00 
1.229413e-06 1.786072e+00 
1.230413e-06 1.786072e+00 
1.231413e-06 1.786072e+00 
1.232413e-06 1.786072e+00 
1.233413e-06 1.786072e+00 
1.234413e-06 1.786072e+00 
1.235413e-06 1.786072e+00 
1.236413e-06 1.786072e+00 
1.237413e-06 1.786072e+00 
1.238413e-06 1.786072e+00 
1.239413e-06 1.786072e+00 
1.240413e-06 1.786072e+00 
1.241413e-06 1.786072e+00 
1.242413e-06 1.786072e+00 
1.243413e-06 1.786072e+00 
1.244413e-06 1.786072e+00 
1.245413e-06 1.786072e+00 
1.246413e-06 1.786072e+00 
1.247413e-06 1.786072e+00 
1.248413e-06 1.786072e+00 
1.249413e-06 1.786072e+00 
1.250413e-06 1.786072e+00 
1.251413e-06 1.786072e+00 
1.252413e-06 1.786072e+00 
1.253413e-06 1.786072e+00 
1.254413e-06 1.786072e+00 
1.255413e-06 1.786072e+00 
1.256413e-06 1.786072e+00 
1.257413e-06 1.786072e+00 
1.258413e-06 1.786072e+00 
1.259413e-06 1.786072e+00 
1.260413e-06 1.786072e+00 
1.261413e-06 1.786072e+00 
1.262413e-06 1.786072e+00 
1.263413e-06 1.786072e+00 
1.264413e-06 1.786072e+00 
1.265413e-06 1.786072e+00 
1.266413e-06 1.786072e+00 
1.267413e-06 1.786072e+00 
1.268413e-06 1.786072e+00 
1.269413e-06 1.786072e+00 
1.270413e-06 1.786072e+00 
1.271413e-06 1.786072e+00 
1.272413e-06 1.786072e+00 
1.273413e-06 1.786072e+00 
1.274413e-06 1.786072e+00 
1.275413e-06 1.786072e+00 
1.276413e-06 1.786072e+00 
1.277413e-06 1.786072e+00 
1.278413e-06 1.786072e+00 
1.279413e-06 1.786072e+00 
1.280413e-06 1.786072e+00 
1.281413e-06 1.786072e+00 
1.282413e-06 1.786072e+00 
1.283413e-06 1.786072e+00 
1.284413e-06 1.786072e+00 
1.285413e-06 1.786072e+00 
1.286413e-06 1.786072e+00 
1.287413e-06 1.786072e+00 
1.288413e-06 1.786072e+00 
1.289413e-06 1.786072e+00 
1.290413e-06 1.786072e+00 
1.291413e-06 1.786072e+00 
1.292413e-06 1.786072e+00 
1.293413e-06 1.786072e+00 
1.294413e-06 1.786072e+00 
1.295413e-06 1.786072e+00 
1.296413e-06 1.786072e+00 
1.297413e-06 1.786072e+00 
1.298413e-06 1.786072e+00 
1.299413e-06 1.786072e+00 
1.300413e-06 1.786072e+00 
1.301413e-06 1.786072e+00 
1.302413e-06 1.786072e+00 
1.303413e-06 1.786072e+00 
1.304413e-06 1.786072e+00 
1.305413e-06 1.786072e+00 
1.306413e-06 1.786072e+00 
1.307413e-06 1.786072e+00 
1.308413e-06 1.786072e+00 
1.309413e-06 1.786072e+00 
1.310413e-06 1.786072e+00 
1.311413e-06 1.786072e+00 
1.312413e-06 1.786072e+00 
1.313413e-06 1.786072e+00 
1.314413e-06 1.786072e+00 
1.315413e-06 1.786072e+00 
1.316413e-06 1.786072e+00 
1.317413e-06 1.786072e+00 
1.318413e-06 1.786072e+00 
1.319413e-06 1.786072e+00 
1.320413e-06 1.786072e+00 
1.321413e-06 1.786072e+00 
1.322413e-06 1.786072e+00 
1.323413e-06 1.786072e+00 
1.324413e-06 1.786072e+00 
1.325413e-06 1.786072e+00 
1.326413e-06 1.786072e+00 
1.327413e-06 1.786072e+00 
1.328413e-06 1.786072e+00 
1.329413e-06 1.786072e+00 
1.330413e-06 1.786072e+00 
1.331413e-06 1.786072e+00 
1.332413e-06 1.786072e+00 
1.333413e-06 1.786072e+00 
1.334413e-06 1.786072e+00 
1.335413e-06 1.786072e+00 
1.336413e-06 1.786072e+00 
1.337413e-06 1.786072e+00 
1.338413e-06 1.786072e+00 
1.339413e-06 1.786072e+00 
1.340413e-06 1.786072e+00 
1.341413e-06 1.786072e+00 
1.342413e-06 1.786072e+00 
1.343413e-06 1.786072e+00 
1.344413e-06 1.786072e+00 
1.345413e-06 1.786072e+00 
1.346413e-06 1.786072e+00 
1.347413e-06 1.786072e+00 
1.348413e-06 1.786072e+00 
1.349413e-06 1.786072e+00 
1.350413e-06 1.786072e+00 
1.351413e-06 1.786072e+00 
1.352413e-06 1.786072e+00 
1.353413e-06 1.786072e+00 
1.354413e-06 1.786072e+00 
1.355413e-06 1.786072e+00 
1.356413e-06 1.786072e+00 
1.357413e-06 1.786072e+00 
1.358413e-06 1.786072e+00 
1.359413e-06 1.786072e+00 
1.360413e-06 1.786072e+00 
1.361413e-06 1.786072e+00 
1.362413e-06 1.786072e+00 
1.363413e-06 1.786072e+00 
1.364413e-06 1.786072e+00 
1.365413e-06 1.786072e+00 
1.366413e-06 1.786072e+00 
1.367413e-06 1.786072e+00 
1.368413e-06 1.786072e+00 
1.369413e-06 1.786072e+00 
1.370413e-06 1.786072e+00 
1.371413e-06 1.786072e+00 
1.372413e-06 1.786072e+00 
1.373413e-06 1.786072e+00 
1.374413e-06 1.786072e+00 
1.375413e-06 1.786072e+00 
1.376413e-06 1.786072e+00 
1.377413e-06 1.786072e+00 
1.378413e-06 1.786072e+00 
1.379413e-06 1.786072e+00 
1.380413e-06 1.786072e+00 
1.381413e-06 1.786072e+00 
1.382413e-06 1.786072e+00 
1.383413e-06 1.786072e+00 
1.384413e-06 1.786072e+00 
1.385413e-06 1.786072e+00 
1.386413e-06 1.786072e+00 
1.387413e-06 1.786072e+00 
1.388413e-06 1.786072e+00 
1.389413e-06 1.786072e+00 
1.390413e-06 1.786072e+00 
1.391413e-06 1.786072e+00 
1.392413e-06 1.786072e+00 
1.393413e-06 1.786072e+00 
1.394413e-06 1.786072e+00 
1.395413e-06 1.786072e+00 
1.396413e-06 1.786072e+00 
1.397413e-06 1.786072e+00 
1.398413e-06 1.786072e+00 
1.399413e-06 1.786072e+00 
1.400413e-06 1.786072e+00 
1.401413e-06 1.786072e+00 
1.402413e-06 1.786072e+00 
1.403413e-06 1.786072e+00 
1.404413e-06 1.786072e+00 
1.405413e-06 1.786072e+00 
1.406413e-06 1.786072e+00 
1.407413e-06 1.786072e+00 
1.408413e-06 1.786072e+00 
1.409413e-06 1.786072e+00 
1.410413e-06 1.786072e+00 
1.411413e-06 1.786072e+00 
1.412413e-06 1.786072e+00 
1.413413e-06 1.786072e+00 
1.414413e-06 1.786072e+00 
1.415413e-06 1.786072e+00 
1.416413e-06 1.786072e+00 
1.417413e-06 1.786072e+00 
1.418413e-06 1.786072e+00 
1.419413e-06 1.786072e+00 
1.420413e-06 1.786072e+00 
1.421413e-06 1.786072e+00 
1.422413e-06 1.786072e+00 
1.423413e-06 1.786072e+00 
1.424413e-06 1.786072e+00 
1.425413e-06 1.786072e+00 
1.426413e-06 1.786072e+00 
1.427413e-06 1.786072e+00 
1.428413e-06 1.786072e+00 
1.429413e-06 1.786072e+00 
1.430413e-06 1.786072e+00 
1.431413e-06 1.786072e+00 
1.432413e-06 1.786072e+00 
1.433413e-06 1.786072e+00 
1.434413e-06 1.786072e+00 
1.435413e-06 1.786072e+00 
1.436413e-06 1.786072e+00 
1.437413e-06 1.786072e+00 
1.438413e-06 1.786072e+00 
1.439413e-06 1.786072e+00 
1.440413e-06 1.786072e+00 
1.441413e-06 1.786072e+00 
1.442413e-06 1.786072e+00 
1.443413e-06 1.786072e+00 
1.444413e-06 1.786072e+00 
1.445413e-06 1.786072e+00 
1.446413e-06 1.786072e+00 
1.447413e-06 1.786072e+00 
1.448413e-06 1.786072e+00 
1.449413e-06 1.786072e+00 
1.450413e-06 1.786072e+00 
1.451413e-06 1.786072e+00 
1.452413e-06 1.786072e+00 
1.453413e-06 1.786072e+00 
1.454413e-06 1.786072e+00 
1.455413e-06 1.786072e+00 
1.456413e-06 1.786072e+00 
1.457413e-06 1.786072e+00 
1.458413e-06 1.786072e+00 
1.459413e-06 1.786072e+00 
1.460413e-06 1.786072e+00 
1.461413e-06 1.786072e+00 
1.462413e-06 1.786072e+00 
1.463413e-06 1.786072e+00 
1.464413e-06 1.786072e+00 
1.465413e-06 1.786072e+00 
1.466413e-06 1.786072e+00 
1.467413e-06 1.786072e+00 
1.468413e-06 1.786072e+00 
1.469413e-06 1.786072e+00 
1.470413e-06 1.786072e+00 
1.471413e-06 1.786072e+00 
1.472413e-06 1.786072e+00 
1.473413e-06 1.786072e+00 
1.474413e-06 1.786072e+00 
1.475413e-06 1.786072e+00 
1.476413e-06 1.786072e+00 
1.477413e-06 1.786072e+00 
1.478413e-06 1.786072e+00 
1.479413e-06 1.786072e+00 
1.480413e-06 1.786072e+00 
1.481413e-06 1.786072e+00 
1.482413e-06 1.786072e+00 
1.483413e-06 1.786072e+00 
1.484413e-06 1.786072e+00 
1.485413e-06 1.786072e+00 
1.486413e-06 1.786072e+00 
1.487413e-06 1.786072e+00 
1.488413e-06 1.786072e+00 
1.489413e-06 1.786072e+00 
1.490413e-06 1.786072e+00 
1.491413e-06 1.786072e+00 
1.492413e-06 1.786072e+00 
1.493413e-06 1.786072e+00 
1.494413e-06 1.786072e+00 
1.495413e-06 1.786072e+00 
1.496413e-06 1.786072e+00 
1.497413e-06 1.786072e+00 
1.498413e-06 1.786072e+00 
1.499413e-06 1.786072e+00 
1.500413e-06 1.786072e+00 
1.501413e-06 1.786072e+00 
1.502413e-06 1.786072e+00 
1.503413e-06 1.786072e+00 
1.504413e-06 1.786072e+00 
1.505413e-06 1.786072e+00 
1.506413e-06 1.786072e+00 
1.507413e-06 1.786072e+00 
1.508413e-06 1.786072e+00 
1.509413e-06 1.786072e+00 
1.510413e-06 1.786072e+00 
1.511413e-06 1.786072e+00 
1.512413e-06 1.786072e+00 
1.513413e-06 1.786072e+00 
1.514413e-06 1.786072e+00 
1.515413e-06 1.786072e+00 
1.516413e-06 1.786072e+00 
1.517413e-06 1.786072e+00 
1.518413e-06 1.786072e+00 
1.519413e-06 1.786072e+00 
1.520413e-06 1.786072e+00 
1.521413e-06 1.786072e+00 
1.522413e-06 1.786072e+00 
1.523413e-06 1.786072e+00 
1.524413e-06 1.786072e+00 
1.525413e-06 1.786072e+00 
1.526413e-06 1.786072e+00 
1.527413e-06 1.786072e+00 
1.528413e-06 1.786072e+00 
1.529413e-06 1.786072e+00 
1.530413e-06 1.786072e+00 
1.531413e-06 1.786072e+00 
1.532413e-06 1.786072e+00 
1.533413e-06 1.786072e+00 
1.534413e-06 1.786072e+00 
1.535413e-06 1.786072e+00 
1.536413e-06 1.786072e+00 
1.537413e-06 1.786072e+00 
1.538413e-06 1.786072e+00 
1.539413e-06 1.786072e+00 
1.540413e-06 1.786072e+00 
1.541413e-06 1.786072e+00 
1.542413e-06 1.786072e+00 
1.543413e-06 1.786072e+00 
1.544413e-06 1.786072e+00 
1.545413e-06 1.786072e+00 
1.546413e-06 1.786072e+00 
1.547413e-06 1.786072e+00 
1.548413e-06 1.786072e+00 
1.549413e-06 1.786072e+00 
1.550413e-06 1.786072e+00 
1.551413e-06 1.786072e+00 
1.552413e-06 1.786072e+00 
1.553413e-06 1.786072e+00 
1.554413e-06 1.786072e+00 
1.555413e-06 1.786072e+00 
1.556413e-06 1.786072e+00 
1.557413e-06 1.786072e+00 
1.558413e-06 1.786072e+00 
1.559413e-06 1.786072e+00 
1.560413e-06 1.786072e+00 
1.561413e-06 1.786072e+00 
1.562413e-06 1.786072e+00 
1.563413e-06 1.786072e+00 
1.564413e-06 1.786072e+00 
1.565413e-06 1.786072e+00 
1.566413e-06 1.786072e+00 
1.567413e-06 1.786072e+00 
1.568413e-06 1.786072e+00 
1.569413e-06 1.786072e+00 
1.570413e-06 1.786072e+00 
1.571413e-06 1.786072e+00 
1.572413e-06 1.786072e+00 
1.573413e-06 1.786072e+00 
1.574413e-06 1.786072e+00 
1.575413e-06 1.786072e+00 
1.576413e-06 1.786072e+00 
1.577413e-06 1.786072e+00 
1.578413e-06 1.786072e+00 
1.579413e-06 1.786072e+00 
1.580413e-06 1.786072e+00 
1.581413e-06 1.786072e+00 
1.582413e-06 1.786072e+00 
1.583413e-06 1.786072e+00 
1.584413e-06 1.786072e+00 
1.585413e-06 1.786072e+00 
1.586413e-06 1.786072e+00 
1.587413e-06 1.786072e+00 
1.588413e-06 1.786072e+00 
1.589413e-06 1.786072e+00 
1.590413e-06 1.786072e+00 
1.591413e-06 1.786072e+00 
1.592413e-06 1.786072e+00 
1.593413e-06 1.786072e+00 
1.594413e-06 1.786072e+00 
1.595413e-06 1.786072e+00 
1.596413e-06 1.786072e+00 
1.597413e-06 1.786072e+00 
1.598413e-06 1.786072e+00 
1.599413e-06 1.786072e+00 
1.600413e-06 1.786072e+00 
1.601413e-06 1.786072e+00 
1.602413e-06 1.786072e+00 
1.603413e-06 1.786072e+00 
1.604413e-06 1.786072e+00 
1.605413e-06 1.786072e+00 
1.606413e-06 1.786072e+00 
1.607413e-06 1.786072e+00 
1.608413e-06 1.786072e+00 
1.609413e-06 1.786072e+00 
1.610413e-06 1.786072e+00 
1.611413e-06 1.786072e+00 
1.612413e-06 1.786072e+00 
1.613413e-06 1.786072e+00 
1.614413e-06 1.786072e+00 
1.615413e-06 1.786072e+00 
1.616413e-06 1.786072e+00 
1.617413e-06 1.786072e+00 
1.618413e-06 1.786072e+00 
1.619413e-06 1.786072e+00 
1.620413e-06 1.786072e+00 
1.621413e-06 1.786072e+00 
1.622413e-06 1.786072e+00 
1.623413e-06 1.786072e+00 
1.624413e-06 1.786072e+00 
1.625413e-06 1.786072e+00 
1.626413e-06 1.786072e+00 
1.627413e-06 1.786072e+00 
1.628413e-06 1.786072e+00 
1.629413e-06 1.786072e+00 
1.630413e-06 1.786072e+00 
1.631413e-06 1.786072e+00 
1.632413e-06 1.786072e+00 
1.633413e-06 1.786072e+00 
1.634413e-06 1.786072e+00 
1.635413e-06 1.786072e+00 
1.636413e-06 1.786072e+00 
1.637413e-06 1.786072e+00 
1.638413e-06 1.786072e+00 
1.639413e-06 1.786072e+00 
1.640413e-06 1.786072e+00 
1.641413e-06 1.786072e+00 
1.642413e-06 1.786072e+00 
1.643413e-06 1.786072e+00 
1.644413e-06 1.786072e+00 
1.645413e-06 1.786072e+00 
1.646413e-06 1.786072e+00 
1.647413e-06 1.786072e+00 
1.648413e-06 1.786072e+00 
1.649413e-06 1.786072e+00 
1.650413e-06 1.786072e+00 
1.651413e-06 1.786072e+00 
1.652413e-06 1.786072e+00 
1.653413e-06 1.786072e+00 
1.654413e-06 1.786072e+00 
1.655413e-06 1.786072e+00 
1.656413e-06 1.786072e+00 
1.657413e-06 1.786072e+00 
1.658413e-06 1.786072e+00 
1.659413e-06 1.786072e+00 
1.660413e-06 1.786072e+00 
1.661413e-06 1.786072e+00 
1.662413e-06 1.786072e+00 
1.663413e-06 1.786072e+00 
1.664413e-06 1.786072e+00 
1.665413e-06 1.786072e+00 
1.666413e-06 1.786072e+00 
1.667413e-06 1.786072e+00 
1.668413e-06 1.786072e+00 
1.669413e-06 1.786072e+00 
1.670413e-06 1.786072e+00 
1.671413e-06 1.786072e+00 
1.672413e-06 1.786072e+00 
1.673413e-06 1.786072e+00 
1.674413e-06 1.786072e+00 
1.675413e-06 1.786072e+00 
1.676413e-06 1.786072e+00 
1.677413e-06 1.786072e+00 
1.678413e-06 1.786072e+00 
1.679413e-06 1.786072e+00 
1.680413e-06 1.786072e+00 
1.681413e-06 1.786072e+00 
1.682413e-06 1.786072e+00 
1.683413e-06 1.786072e+00 
1.684413e-06 1.786072e+00 
1.685413e-06 1.786072e+00 
1.686413e-06 1.786072e+00 
1.687413e-06 1.786072e+00 
1.688413e-06 1.786072e+00 
1.689413e-06 1.786072e+00 
1.690413e-06 1.786072e+00 
1.691413e-06 1.786072e+00 
1.692413e-06 1.786072e+00 
1.693413e-06 1.786072e+00 
1.694413e-06 1.786072e+00 
1.695413e-06 1.786072e+00 
1.696413e-06 1.786072e+00 
1.697413e-06 1.786072e+00 
1.698413e-06 1.786072e+00 
1.699413e-06 1.786072e+00 
1.700413e-06 1.786072e+00 
1.701413e-06 1.786072e+00 
1.702413e-06 1.786072e+00 
1.703413e-06 1.786072e+00 
1.704413e-06 1.786072e+00 
1.705413e-06 1.786072e+00 
1.706413e-06 1.786072e+00 
1.707413e-06 1.786072e+00 
1.708413e-06 1.786072e+00 
1.709413e-06 1.786072e+00 
1.710413e-06 1.786072e+00 
1.711413e-06 1.786072e+00 
1.712413e-06 1.786072e+00 
1.713413e-06 1.786072e+00 
1.714413e-06 1.786072e+00 
1.715413e-06 1.786072e+00 
1.716413e-06 1.786072e+00 
1.717413e-06 1.786072e+00 
1.718413e-06 1.786072e+00 
1.719413e-06 1.786072e+00 
1.720413e-06 1.786072e+00 
1.721413e-06 1.786072e+00 
1.722413e-06 1.786072e+00 
1.723413e-06 1.786072e+00 
1.724413e-06 1.786072e+00 
1.725413e-06 1.786072e+00 
1.726413e-06 1.786072e+00 
1.727413e-06 1.786072e+00 
1.728413e-06 1.786072e+00 
1.729413e-06 1.786072e+00 
1.730413e-06 1.786072e+00 
1.731413e-06 1.786072e+00 
1.732413e-06 1.786072e+00 
1.733413e-06 1.786072e+00 
1.734413e-06 1.786072e+00 
1.735413e-06 1.786072e+00 
1.736413e-06 1.786072e+00 
1.737413e-06 1.786072e+00 
1.738413e-06 1.786072e+00 
1.739413e-06 1.786072e+00 
1.740413e-06 1.786072e+00 
1.741413e-06 1.786072e+00 
1.742413e-06 1.786072e+00 
1.743413e-06 1.786072e+00 
1.744413e-06 1.786072e+00 
1.745413e-06 1.786072e+00 
1.746413e-06 1.786072e+00 
1.747413e-06 1.786072e+00 
1.748413e-06 1.786072e+00 
1.749413e-06 1.786072e+00 
1.750413e-06 1.786072e+00 
1.751413e-06 1.786072e+00 
1.752413e-06 1.786072e+00 
1.753413e-06 1.786072e+00 
1.754413e-06 1.786072e+00 
1.755413e-06 1.786072e+00 
1.756413e-06 1.786072e+00 
1.757413e-06 1.786072e+00 
1.758413e-06 1.786072e+00 
1.759413e-06 1.786072e+00 
1.760413e-06 1.786072e+00 
1.761413e-06 1.786072e+00 
1.762413e-06 1.786072e+00 
1.763413e-06 1.786072e+00 
1.764413e-06 1.786072e+00 
1.765413e-06 1.786072e+00 
1.766413e-06 1.786072e+00 
1.767413e-06 1.786072e+00 
1.768413e-06 1.786072e+00 
1.769413e-06 1.786072e+00 
1.770413e-06 1.786072e+00 
1.771413e-06 1.786072e+00 
1.772413e-06 1.786072e+00 
1.773413e-06 1.786072e+00 
1.774413e-06 1.786072e+00 
1.775413e-06 1.786072e+00 
1.776413e-06 1.786072e+00 
1.777413e-06 1.786072e+00 
1.778413e-06 1.786072e+00 
1.779413e-06 1.786072e+00 
1.780413e-06 1.786072e+00 
1.781413e-06 1.786072e+00 
1.782413e-06 1.786072e+00 
1.783413e-06 1.786072e+00 
1.784413e-06 1.786072e+00 
1.785413e-06 1.786072e+00 
1.786413e-06 1.786072e+00 
1.787413e-06 1.786072e+00 
1.788413e-06 1.786072e+00 
1.789413e-06 1.786072e+00 
1.790413e-06 1.786072e+00 
1.791413e-06 1.786072e+00 
1.792413e-06 1.786072e+00 
1.793413e-06 1.786072e+00 
1.794413e-06 1.786072e+00 
1.795413e-06 1.786072e+00 
1.796413e-06 1.786072e+00 
1.797413e-06 1.786072e+00 
1.798413e-06 1.786072e+00 
1.799413e-06 1.786072e+00 
1.800413e-06 1.786072e+00 
1.801413e-06 1.786072e+00 
1.802413e-06 1.786072e+00 
1.803413e-06 1.786072e+00 
1.804413e-06 1.786072e+00 
1.805413e-06 1.786072e+00 
1.806413e-06 1.786072e+00 
1.807413e-06 1.786072e+00 
1.808413e-06 1.786072e+00 
1.809413e-06 1.786072e+00 
1.810413e-06 1.786072e+00 
1.811413e-06 1.786072e+00 
1.812413e-06 1.786072e+00 
1.813413e-06 1.786072e+00 
1.814413e-06 1.786072e+00 
1.815413e-06 1.786072e+00 
1.816413e-06 1.786072e+00 
1.817413e-06 1.786072e+00 
1.818413e-06 1.786072e+00 
1.819413e-06 1.786072e+00 
1.820413e-06 1.786072e+00 
1.821413e-06 1.786072e+00 
1.822413e-06 1.786072e+00 
1.823413e-06 1.786072e+00 
1.824413e-06 1.786072e+00 
1.825413e-06 1.786072e+00 
1.826413e-06 1.786072e+00 
1.827413e-06 1.786072e+00 
1.828413e-06 1.786072e+00 
1.829413e-06 1.786072e+00 
1.830413e-06 1.786072e+00 
1.831413e-06 1.786072e+00 
1.832413e-06 1.786072e+00 
1.833413e-06 1.786072e+00 
1.834413e-06 1.786072e+00 
1.835413e-06 1.786072e+00 
1.836413e-06 1.786072e+00 
1.837413e-06 1.786072e+00 
1.838413e-06 1.786072e+00 
1.839413e-06 1.786072e+00 
1.840413e-06 1.786072e+00 
1.841413e-06 1.786072e+00 
1.842413e-06 1.786072e+00 
1.843413e-06 1.786072e+00 
1.844413e-06 1.786072e+00 
1.845413e-06 1.786072e+00 
1.846413e-06 1.786072e+00 
1.847413e-06 1.786072e+00 
1.848413e-06 1.786072e+00 
1.849413e-06 1.786072e+00 
1.850413e-06 1.786072e+00 
1.851413e-06 1.786072e+00 
1.852413e-06 1.786072e+00 
1.853413e-06 1.786072e+00 
1.854413e-06 1.786072e+00 
1.855413e-06 1.786072e+00 
1.856413e-06 1.786072e+00 
1.857413e-06 1.786072e+00 
1.858413e-06 1.786072e+00 
1.859413e-06 1.786072e+00 
1.860413e-06 1.786072e+00 
1.861413e-06 1.786072e+00 
1.862413e-06 1.786072e+00 
1.863413e-06 1.786072e+00 
1.864413e-06 1.786072e+00 
1.865413e-06 1.786072e+00 
1.866413e-06 1.786072e+00 
1.867413e-06 1.786072e+00 
1.868413e-06 1.786072e+00 
1.869413e-06 1.786072e+00 
1.870413e-06 1.786072e+00 
1.871413e-06 1.786072e+00 
1.872413e-06 1.786072e+00 
1.873413e-06 1.786072e+00 
1.874413e-06 1.786072e+00 
1.875413e-06 1.786072e+00 
1.876413e-06 1.786072e+00 
1.877413e-06 1.786072e+00 
1.878413e-06 1.786072e+00 
1.879413e-06 1.786072e+00 
1.880413e-06 1.786072e+00 
1.881413e-06 1.786072e+00 
1.882413e-06 1.786072e+00 
1.883413e-06 1.786072e+00 
1.884413e-06 1.786072e+00 
1.885413e-06 1.786072e+00 
1.886413e-06 1.786072e+00 
1.887413e-06 1.786072e+00 
1.888413e-06 1.786072e+00 
1.889413e-06 1.786072e+00 
1.890413e-06 1.786072e+00 
1.891413e-06 1.786072e+00 
1.892413e-06 1.786072e+00 
1.893413e-06 1.786072e+00 
1.894413e-06 1.786072e+00 
1.895413e-06 1.786072e+00 
1.896413e-06 1.786072e+00 
1.897413e-06 1.786072e+00 
1.898413e-06 1.786072e+00 
1.899413e-06 1.786072e+00 
1.900413e-06 1.786072e+00 
1.901413e-06 1.786072e+00 
1.902413e-06 1.786072e+00 
1.903413e-06 1.786072e+00 
1.904413e-06 1.786072e+00 
1.905413e-06 1.786072e+00 
1.906413e-06 1.786072e+00 
1.907413e-06 1.786072e+00 
1.908413e-06 1.786072e+00 
1.909413e-06 1.786072e+00 
1.910413e-06 1.786072e+00 
1.911413e-06 1.786072e+00 
1.912413e-06 1.786072e+00 
1.913413e-06 1.786072e+00 
1.914413e-06 1.786072e+00 
1.915413e-06 1.786072e+00 
1.916413e-06 1.786072e+00 
1.917413e-06 1.786072e+00 
1.918413e-06 1.786072e+00 
1.919413e-06 1.786072e+00 
1.920413e-06 1.786072e+00 
1.921413e-06 1.786072e+00 
1.922413e-06 1.786072e+00 
1.923413e-06 1.786072e+00 
1.924413e-06 1.786072e+00 
1.925413e-06 1.786072e+00 
1.926413e-06 1.786072e+00 
1.927413e-06 1.786072e+00 
1.928413e-06 1.786072e+00 
1.929413e-06 1.786072e+00 
1.930413e-06 1.786072e+00 
1.931413e-06 1.786072e+00 
1.932413e-06 1.786072e+00 
1.933413e-06 1.786072e+00 
1.934413e-06 1.786072e+00 
1.935413e-06 1.786072e+00 
1.936413e-06 1.786072e+00 
1.937413e-06 1.786072e+00 
1.938413e-06 1.786072e+00 
1.939413e-06 1.786072e+00 
1.940413e-06 1.786072e+00 
1.941413e-06 1.786072e+00 
1.942413e-06 1.786072e+00 
1.943413e-06 1.786072e+00 
1.944413e-06 1.786072e+00 
1.945413e-06 1.786072e+00 
1.946413e-06 1.786072e+00 
1.947413e-06 1.786072e+00 
1.948413e-06 1.786072e+00 
1.949413e-06 1.786072e+00 
1.950413e-06 1.786072e+00 
1.951413e-06 1.786072e+00 
1.952413e-06 1.786072e+00 
1.953413e-06 1.786072e+00 
1.954413e-06 1.786072e+00 
1.955413e-06 1.786072e+00 
1.956413e-06 1.786072e+00 
1.957413e-06 1.786072e+00 
1.958413e-06 1.786072e+00 
1.959413e-06 1.786072e+00 
1.960413e-06 1.786072e+00 
1.961413e-06 1.786072e+00 
1.962413e-06 1.786072e+00 
1.963413e-06 1.786072e+00 
1.964413e-06 1.786072e+00 
1.965413e-06 1.786072e+00 
1.966413e-06 1.786072e+00 
1.967413e-06 1.786072e+00 
1.968413e-06 1.786072e+00 
1.969413e-06 1.786072e+00 
1.970413e-06 1.786072e+00 
1.971413e-06 1.786072e+00 
1.972413e-06 1.786072e+00 
1.973413e-06 1.786072e+00 
1.974413e-06 1.786072e+00 
1.975413e-06 1.786072e+00 
1.976413e-06 1.786072e+00 
1.977413e-06 1.786072e+00 
1.978413e-06 1.786072e+00 
1.979413e-06 1.786072e+00 
1.980413e-06 1.786072e+00 
1.981413e-06 1.786072e+00 
1.982413e-06 1.786072e+00 
1.983413e-06 1.786072e+00 
1.984413e-06 1.786072e+00 
1.985413e-06 1.786072e+00 
1.986413e-06 1.786072e+00 
1.987413e-06 1.786072e+00 
1.988413e-06 1.786072e+00 
1.989413e-06 1.786072e+00 
1.990413e-06 1.786072e+00 
1.991413e-06 1.786072e+00 
1.992413e-06 1.786072e+00 
1.993413e-06 1.786072e+00 
1.994413e-06 1.786072e+00 
1.995413e-06 1.786072e+00 
1.996413e-06 1.786072e+00 
1.997413e-06 1.786072e+00 
1.998413e-06 1.786072e+00 
1.999413e-06 1.786072e+00 
2.000100e-06 1.786072e+00 
2.000100e-06 1.786100e+00 
2.000100e-06 1.786159e+00 
2.000101e-06 1.786259e+00 
2.000101e-06 1.786309e+00 
2.000101e-06 1.786298e+00 
2.000101e-06 1.786274e+00 
2.000102e-06 1.786228e+00 
2.000102e-06 1.786134e+00 
2.000103e-06 1.785947e+00 
2.000106e-06 1.785574e+00 
2.000111e-06 1.784827e+00 
2.000121e-06 1.783333e+00 
2.000142e-06 1.780347e+00 
2.000183e-06 1.774379e+00 
2.000265e-06 1.762461e+00 
2.000429e-06 1.738700e+00 
2.000756e-06 1.691474e+00 
2.001412e-06 1.598209e+00 
2.002412e-06 1.459005e+00 
2.003412e-06 1.323690e+00 
2.004412e-06 1.192514e+00 
2.005412e-06 1.065891e+00 
2.006412e-06 9.445228e-01 
2.007412e-06 8.294665e-01 
2.008412e-06 7.219569e-01 
2.009412e-06 6.230762e-01 
2.010412e-06 5.335383e-01 
2.011412e-06 4.533884e-01 
2.012412e-06 3.826234e-01 
2.013412e-06 3.211675e-01 
2.014412e-06 2.683698e-01 
2.015412e-06 2.234376e-01 
2.016412e-06 1.855758e-01 
2.017412e-06 1.538926e-01 
2.018412e-06 1.274752e-01 
2.019412e-06 1.055449e-01 
2.020412e-06 8.742605e-02 
2.021412e-06 7.253917e-02 
2.022412e-06 6.034638e-02 
2.023412e-06 5.038673e-02 
2.024412e-06 4.226877e-02 
2.025412e-06 3.566407e-02 
2.026412e-06 3.029830e-02 
2.027412e-06 2.594453e-02 
2.028412e-06 2.241521e-02 
2.029412e-06 1.955666e-02 
2.030412e-06 1.724276e-02 
2.031412e-06 1.537085e-02 
2.032412e-06 1.385700e-02 
2.033412e-06 1.263326e-02 
2.034412e-06 1.164418e-02 
2.035412e-06 1.084504e-02 
2.036412e-06 1.019938e-02 
2.037412e-06 9.677891e-03 
2.038412e-06 9.256641e-03 
2.039412e-06 8.916485e-03 
2.040412e-06 8.641745e-03 
2.041412e-06 8.419938e-03 
2.042412e-06 8.240790e-03 
2.043412e-06 8.096185e-03 
2.044412e-06 7.979384e-03 
2.045412e-06 7.885126e-03 
2.046412e-06 7.808978e-03 
2.047412e-06 7.747545e-03 
2.048412e-06 7.697901e-03 
2.049412e-06 7.657867e-03 
2.050412e-06 7.625500e-03 
2.051412e-06 7.599415e-03 
2.052412e-06 7.578311e-03 
2.053412e-06 7.561317e-03 
2.054412e-06 7.547554e-03 
2.055412e-06 7.536486e-03 
2.056412e-06 7.527507e-03 
2.057412e-06 7.520303e-03 
2.058412e-06 7.514442e-03 
2.059412e-06 7.509755e-03 
2.060412e-06 7.505927e-03 
2.061412e-06 7.502880e-03 
2.062412e-06 7.500377e-03 
2.063412e-06 7.498400e-03 
2.064412e-06 7.496759e-03 
2.065412e-06 7.495479e-03 
2.066412e-06 7.494402e-03 
2.067412e-06 7.493576e-03 
2.068412e-06 7.492865e-03 
2.069412e-06 7.492336e-03 
2.070412e-06 7.491864e-03 
2.071412e-06 7.491527e-03 
2.072412e-06 7.491211e-03 
2.073412e-06 7.491000e-03 
2.074412e-06 7.490786e-03 
2.075412e-06 7.490657e-03 
2.076412e-06 7.490509e-03 
2.077412e-06 7.490433e-03 
2.078412e-06 7.490328e-03 
2.079412e-06 7.490287e-03 
2.080412e-06 7.490210e-03 
2.081412e-06 7.490192e-03 
2.082412e-06 7.490133e-03 
2.083412e-06 7.490130e-03 
2.084412e-06 7.490083e-03 
2.085412e-06 7.490090e-03 
2.086412e-06 7.490051e-03 
2.087412e-06 7.490064e-03 
2.088412e-06 7.490030e-03 
2.089412e-06 7.490047e-03 
2.090412e-06 7.490016e-03 
2.091412e-06 7.490035e-03 
2.092412e-06 7.490007e-03 
2.093412e-06 7.490028e-03 
2.094412e-06 7.490001e-03 
2.095412e-06 7.490023e-03 
2.096412e-06 7.489997e-03 
2.097412e-06 7.490020e-03 
2.098412e-06 7.489995e-03 
2.099412e-06 7.490018e-03 
2.100412e-06 7.489993e-03 
2.101412e-06 7.490017e-03 
2.102412e-06 7.489992e-03 
2.103412e-06 7.490016e-03 
2.104412e-06 7.489991e-03 
2.105412e-06 7.490015e-03 
2.106412e-06 7.489991e-03 
2.107412e-06 7.490015e-03 
2.108412e-06 7.489990e-03 
2.109412e-06 7.490015e-03 
2.110412e-06 7.489990e-03 
2.111412e-06 7.490015e-03 
2.112412e-06 7.489990e-03 
2.113412e-06 7.490015e-03 
2.114412e-06 7.489990e-03 
2.115412e-06 7.490015e-03 
2.116412e-06 7.489990e-03 
2.117412e-06 7.490015e-03 
2.118412e-06 7.489990e-03 
2.119412e-06 7.490015e-03 
2.120412e-06 7.489990e-03 
2.121412e-06 7.490015e-03 
2.122412e-06 7.489990e-03 
2.123412e-06 7.490015e-03 
2.124412e-06 7.489990e-03 
2.125412e-06 7.490015e-03 
2.126412e-06 7.489990e-03 
2.127412e-06 7.490015e-03 
2.128412e-06 7.489990e-03 
2.129412e-06 7.490015e-03 
2.130412e-06 7.489990e-03 
2.131412e-06 7.490015e-03 
2.132412e-06 7.489990e-03 
2.133412e-06 7.490015e-03 
2.134412e-06 7.489990e-03 
2.135412e-06 7.490015e-03 
2.136412e-06 7.489990e-03 
2.137412e-06 7.490015e-03 
2.138412e-06 7.489990e-03 
2.139412e-06 7.490015e-03 
2.140412e-06 7.489990e-03 
2.141412e-06 7.490015e-03 
2.142412e-06 7.489990e-03 
2.143412e-06 7.490015e-03 
2.144412e-06 7.489990e-03 
2.145412e-06 7.490015e-03 
2.146412e-06 7.489990e-03 
2.147412e-06 7.490015e-03 
2.148412e-06 7.489990e-03 
2.149412e-06 7.490015e-03 
2.150412e-06 7.489990e-03 
2.151412e-06 7.490015e-03 
2.152412e-06 7.489990e-03 
2.153412e-06 7.490015e-03 
2.154412e-06 7.489990e-03 
2.155412e-06 7.490015e-03 
2.156412e-06 7.489990e-03 
2.157412e-06 7.490015e-03 
2.158412e-06 7.489990e-03 
2.159412e-06 7.490015e-03 
2.160412e-06 7.489990e-03 
2.161412e-06 7.490015e-03 
2.162412e-06 7.489990e-03 
2.163412e-06 7.490015e-03 
2.164412e-06 7.489990e-03 
2.165412e-06 7.490015e-03 
2.166412e-06 7.489990e-03 
2.167412e-06 7.490015e-03 
2.168412e-06 7.489990e-03 
2.169412e-06 7.490015e-03 
2.170412e-06 7.489990e-03 
2.171412e-06 7.490015e-03 
2.172412e-06 7.489990e-03 
2.173412e-06 7.490015e-03 
2.174412e-06 7.489990e-03 
2.175412e-06 7.490015e-03 
2.176412e-06 7.489990e-03 
2.177412e-06 7.490015e-03 
2.178412e-06 7.489990e-03 
2.179412e-06 7.490015e-03 
2.180412e-06 7.489990e-03 
2.181412e-06 7.490015e-03 
2.182412e-06 7.489990e-03 
2.183412e-06 7.490015e-03 
2.184412e-06 7.489990e-03 
2.185412e-06 7.490015e-03 
2.186412e-06 7.489990e-03 
2.187412e-06 7.490015e-03 
2.188412e-06 7.489990e-03 
2.189412e-06 7.490015e-03 
2.190412e-06 7.489990e-03 
2.191412e-06 7.490015e-03 
2.192412e-06 7.489990e-03 
2.193412e-06 7.490015e-03 
2.194412e-06 7.489990e-03 
2.195412e-06 7.490015e-03 
2.196412e-06 7.489990e-03 
2.197412e-06 7.490015e-03 
2.198412e-06 7.489990e-03 
2.199412e-06 7.490015e-03 
2.200412e-06 7.489990e-03 
2.201412e-06 7.490015e-03 
2.202412e-06 7.489990e-03 
2.203412e-06 7.490015e-03 
2.204412e-06 7.489990e-03 
2.205412e-06 7.490015e-03 
2.206412e-06 7.489990e-03 
2.207412e-06 7.490015e-03 
2.208412e-06 7.489990e-03 
2.209412e-06 7.490015e-03 
2.210412e-06 7.489990e-03 
2.211412e-06 7.490015e-03 
2.212412e-06 7.489990e-03 
2.213412e-06 7.490015e-03 
2.214412e-06 7.489990e-03 
2.215412e-06 7.490015e-03 
2.216412e-06 7.489990e-03 
2.217412e-06 7.490015e-03 
2.218412e-06 7.489990e-03 
2.219412e-06 7.490015e-03 
2.220412e-06 7.489990e-03 
2.221412e-06 7.490015e-03 
2.222412e-06 7.489990e-03 
2.223412e-06 7.490015e-03 
2.224412e-06 7.489990e-03 
2.225412e-06 7.490015e-03 
2.226412e-06 7.489990e-03 
2.227412e-06 7.490015e-03 
2.228412e-06 7.489990e-03 
2.229412e-06 7.490015e-03 
2.230412e-06 7.489990e-03 
2.231412e-06 7.490015e-03 
2.232412e-06 7.489990e-03 
2.233412e-06 7.490015e-03 
2.234412e-06 7.489990e-03 
2.235412e-06 7.490015e-03 
2.236412e-06 7.489990e-03 
2.237412e-06 7.490015e-03 
2.238412e-06 7.489990e-03 
2.239412e-06 7.490015e-03 
2.240412e-06 7.489990e-03 
2.241412e-06 7.490015e-03 
2.242412e-06 7.489990e-03 
2.243412e-06 7.490015e-03 
2.244412e-06 7.489990e-03 
2.245412e-06 7.490015e-03 
2.246412e-06 7.489990e-03 
2.247412e-06 7.490015e-03 
2.248412e-06 7.489990e-03 
2.249412e-06 7.490015e-03 
2.250412e-06 7.489990e-03 
2.251412e-06 7.490015e-03 
2.252412e-06 7.489990e-03 
2.253412e-06 7.490015e-03 
2.254412e-06 7.489990e-03 
2.255412e-06 7.490015e-03 
2.256412e-06 7.489990e-03 
2.257412e-06 7.490015e-03 
2.258412e-06 7.489990e-03 
2.259412e-06 7.490015e-03 
2.260412e-06 7.489990e-03 
2.261412e-06 7.490015e-03 
2.262412e-06 7.489990e-03 
2.263412e-06 7.490015e-03 
2.264412e-06 7.489990e-03 
2.265412e-06 7.490015e-03 
2.266412e-06 7.489990e-03 
2.267412e-06 7.490015e-03 
2.268412e-06 7.489990e-03 
2.269412e-06 7.490015e-03 
2.270412e-06 7.489990e-03 
2.271412e-06 7.490015e-03 
2.272412e-06 7.489990e-03 
2.273412e-06 7.490015e-03 
2.274412e-06 7.489990e-03 
2.275412e-06 7.490015e-03 
2.276412e-06 7.489990e-03 
2.277412e-06 7.490015e-03 
2.278412e-06 7.489990e-03 
2.279412e-06 7.490015e-03 
2.280412e-06 7.489990e-03 
2.281412e-06 7.490015e-03 
2.282412e-06 7.489990e-03 
2.283412e-06 7.490015e-03 
2.284412e-06 7.489990e-03 
2.285412e-06 7.490015e-03 
2.286412e-06 7.489990e-03 
2.287412e-06 7.490015e-03 
2.288412e-06 7.489990e-03 
2.289412e-06 7.490015e-03 
2.290412e-06 7.489990e-03 
2.291412e-06 7.490015e-03 
2.292412e-06 7.489990e-03 
2.293412e-06 7.490015e-03 
2.294412e-06 7.489990e-03 
2.295412e-06 7.490015e-03 
2.296412e-06 7.489990e-03 
2.297412e-06 7.490015e-03 
2.298412e-06 7.489990e-03 
2.299412e-06 7.490015e-03 
2.300412e-06 7.489990e-03 
2.301412e-06 7.490015e-03 
2.302412e-06 7.489990e-03 
2.303412e-06 7.490015e-03 
2.304412e-06 7.489990e-03 
2.305412e-06 7.490015e-03 
2.306412e-06 7.489990e-03 
2.307412e-06 7.490015e-03 
2.308412e-06 7.489990e-03 
2.309412e-06 7.490015e-03 
2.310412e-06 7.489990e-03 
2.311412e-06 7.490015e-03 
2.312412e-06 7.489990e-03 
2.313412e-06 7.490015e-03 
2.314412e-06 7.489990e-03 
2.315412e-06 7.490015e-03 
2.316412e-06 7.489990e-03 
2.317412e-06 7.490015e-03 
2.318412e-06 7.489990e-03 
2.319412e-06 7.490015e-03 
2.320412e-06 7.489990e-03 
2.321412e-06 7.490015e-03 
2.322412e-06 7.489990e-03 
2.323412e-06 7.490015e-03 
2.324412e-06 7.489990e-03 
2.325412e-06 7.490015e-03 
2.326412e-06 7.489990e-03 
2.327412e-06 7.490015e-03 
2.328412e-06 7.489990e-03 
2.329412e-06 7.490015e-03 
2.330412e-06 7.489990e-03 
2.331412e-06 7.490015e-03 
2.332412e-06 7.489990e-03 
2.333412e-06 7.490015e-03 
2.334412e-06 7.489990e-03 
2.335412e-06 7.490015e-03 
2.336412e-06 7.489990e-03 
2.337412e-06 7.490015e-03 
2.338412e-06 7.489990e-03 
2.339412e-06 7.490015e-03 
2.340412e-06 7.489990e-03 
2.341412e-06 7.490015e-03 
2.342412e-06 7.489990e-03 
2.343412e-06 7.490015e-03 
2.344412e-06 7.489990e-03 
2.345412e-06 7.490015e-03 
2.346412e-06 7.489990e-03 
2.347412e-06 7.490015e-03 
2.348412e-06 7.489990e-03 
2.349412e-06 7.490015e-03 
2.350412e-06 7.489990e-03 
2.351412e-06 7.490015e-03 
2.352412e-06 7.489990e-03 
2.353412e-06 7.490015e-03 
2.354412e-06 7.489990e-03 
2.355412e-06 7.490015e-03 
2.356412e-06 7.489990e-03 
2.357412e-06 7.490015e-03 
2.358412e-06 7.489990e-03 
2.359412e-06 7.490015e-03 
2.360412e-06 7.489990e-03 
2.361412e-06 7.490015e-03 
2.362412e-06 7.489990e-03 
2.363412e-06 7.490015e-03 
2.364412e-06 7.489990e-03 
2.365412e-06 7.490015e-03 
2.366412e-06 7.489990e-03 
2.367412e-06 7.490015e-03 
2.368412e-06 7.489990e-03 
2.369412e-06 7.490015e-03 
2.370412e-06 7.489990e-03 
2.371412e-06 7.490015e-03 
2.372412e-06 7.489990e-03 
2.373412e-06 7.490015e-03 
2.374412e-06 7.489990e-03 
2.375412e-06 7.490015e-03 
2.376412e-06 7.489990e-03 
2.377412e-06 7.490015e-03 
2.378412e-06 7.489990e-03 
2.379412e-06 7.490015e-03 
2.380412e-06 7.489990e-03 
2.381412e-06 7.490015e-03 
2.382412e-06 7.489990e-03 
2.383412e-06 7.490015e-03 
2.384412e-06 7.489990e-03 
2.385412e-06 7.490015e-03 
2.386412e-06 7.489990e-03 
2.387412e-06 7.490015e-03 
2.388412e-06 7.489990e-03 
2.389412e-06 7.490015e-03 
2.390412e-06 7.489990e-03 
2.391412e-06 7.490015e-03 
2.392412e-06 7.489990e-03 
2.393412e-06 7.490015e-03 
2.394412e-06 7.489990e-03 
2.395412e-06 7.490015e-03 
2.396412e-06 7.489990e-03 
2.397412e-06 7.490015e-03 
2.398412e-06 7.489990e-03 
2.399412e-06 7.490015e-03 
2.400412e-06 7.489990e-03 
2.401412e-06 7.490015e-03 
2.402412e-06 7.489990e-03 
2.403412e-06 7.490015e-03 
2.404412e-06 7.489990e-03 
2.405412e-06 7.490015e-03 
2.406412e-06 7.489990e-03 
2.407412e-06 7.490015e-03 
2.408412e-06 7.489990e-03 
2.409412e-06 7.490015e-03 
2.410412e-06 7.489990e-03 
2.411412e-06 7.490015e-03 
2.412412e-06 7.489990e-03 
2.413412e-06 7.490015e-03 
2.414412e-06 7.489990e-03 
2.415412e-06 7.490015e-03 
2.416412e-06 7.489990e-03 
2.417412e-06 7.490015e-03 
2.418412e-06 7.489990e-03 
2.419412e-06 7.490015e-03 
2.420412e-06 7.489990e-03 
2.421412e-06 7.490015e-03 
2.422412e-06 7.489990e-03 
2.423412e-06 7.490015e-03 
2.424412e-06 7.489990e-03 
2.425412e-06 7.490015e-03 
2.426412e-06 7.489990e-03 
2.427412e-06 7.490015e-03 
2.428412e-06 7.489990e-03 
2.429412e-06 7.490015e-03 
2.430412e-06 7.489990e-03 
2.431412e-06 7.490015e-03 
2.432412e-06 7.489990e-03 
2.433412e-06 7.490015e-03 
2.434412e-06 7.489990e-03 
2.435412e-06 7.490015e-03 
2.436412e-06 7.489990e-03 
2.437412e-06 7.490015e-03 
2.438412e-06 7.489990e-03 
2.439412e-06 7.490015e-03 
2.440412e-06 7.489990e-03 
2.441412e-06 7.490015e-03 
2.442412e-06 7.489990e-03 
2.443412e-06 7.490015e-03 
2.444412e-06 7.489990e-03 
2.445412e-06 7.490015e-03 
2.446412e-06 7.489990e-03 
2.447412e-06 7.490015e-03 
2.448412e-06 7.489990e-03 
2.449412e-06 7.490015e-03 
2.450412e-06 7.489990e-03 
2.451412e-06 7.490015e-03 
2.452412e-06 7.489990e-03 
2.453412e-06 7.490015e-03 
2.454412e-06 7.489990e-03 
2.455412e-06 7.490015e-03 
2.456412e-06 7.489990e-03 
2.457412e-06 7.490015e-03 
2.458412e-06 7.489990e-03 
2.459412e-06 7.490015e-03 
2.460412e-06 7.489990e-03 
2.461412e-06 7.490015e-03 
2.462412e-06 7.489990e-03 
2.463412e-06 7.490015e-03 
2.464412e-06 7.489990e-03 
2.465412e-06 7.490015e-03 
2.466412e-06 7.489990e-03 
2.467412e-06 7.490015e-03 
2.468412e-06 7.489990e-03 
2.469412e-06 7.490015e-03 
2.470412e-06 7.489990e-03 
2.471412e-06 7.490015e-03 
2.472412e-06 7.489990e-03 
2.473412e-06 7.490015e-03 
2.474412e-06 7.489990e-03 
2.475412e-06 7.490015e-03 
2.476412e-06 7.489990e-03 
2.477412e-06 7.490015e-03 
2.478412e-06 7.489990e-03 
2.479412e-06 7.490015e-03 
2.480412e-06 7.489990e-03 
2.481412e-06 7.490015e-03 
2.482412e-06 7.489990e-03 
2.483412e-06 7.490015e-03 
2.484412e-06 7.489990e-03 
2.485412e-06 7.490015e-03 
2.486412e-06 7.489990e-03 
2.487412e-06 7.490015e-03 
2.488412e-06 7.489990e-03 
2.489412e-06 7.490015e-03 
2.490412e-06 7.489990e-03 
2.491412e-06 7.490015e-03 
2.492412e-06 7.489990e-03 
2.493412e-06 7.490015e-03 
2.494412e-06 7.489990e-03 
2.495412e-06 7.490015e-03 
2.496412e-06 7.489990e-03 
2.497412e-06 7.490015e-03 
2.498412e-06 7.489990e-03 
2.499412e-06 7.490015e-03 
2.500000e-06 7.489990e-03 
